
Maestro spectrum printed on 1/28/2022 at 6:00:34 PM
>PC60-26852 Easy-MCA-2k SN 11333505                                              
    0:          0         0         0         0         0         0         0
    7:          0         0         0         0         0         0         0
   14:          0         0         0         0         0         0         0
   21:         42       120       111       118       113       129       134
   28:        133       138       153       144       222       230       257
   35:        384       499       625       932      1191      1634      1921
   42:       2528      2879      3410      3719      4011      4065      3991
   49:       3942      3641      3209      2935      2511      2142      1803
   56:       1405      1229       895       769       545       466       389
   63:        325       274       252       230       200       205       205
   70:        216       262       251       266       297       276       316
   77:        304       310       342       288       289       295       292
   84:        264       267       237       245       243       242       232
   91:        241       242       267       248       249       280       247
   98:        247       303       308       309       321       352       405
  105:        438       471       519       641       685       701       814
  112:        884       943      1069      1062      1158      1236      1237
  119:       1299      1251      1241      1250      1204      1118      1086
  126:       1014       951       890       795       768       650       637
  133:        582       540       483       419       370       340       285
  140:        268       230       231       215       181       183       172
  147:        160       160       168       162       160       144       192
  154:        163       153       160       143       181       155       167
  161:        144       151       199       175       149       172       193
  168:        168       185       165       185       161       170       140
  175:        158       184       170       179       171       183       195
  182:        157       173       156       171       164       163       172
  189:        164       155       165       158       166       147       172
  196:        172       196       188       145       166       185       175
  203:        175       195       199       191       178       188       197
  210:        175       210       204       211       195       209       179
  217:        186       216       192       215       186       219       169
  224:        219       244       222       207       238       219       182
  231:        197       224       209       220       181       198       201
  238:        203       219       181       176       178       189       194
  245:        170       162       166       172       161       183       155
  252:        176       156       175       161       160       158       156
  259:        150       163       154       153       154       150       128
  266:        169       144       150       120       138       139       126
  273:        136       150       131       103       140       134       105
  280:        125       111       118       133       113       128       119
  287:        114       117       121       113       121        97       122
  294:         87       121       100        99       107        99       104
  301:         99        89       105       103       103        97        98
  308:        103        98        91        97        93        97        98
  315:         82        89        94        78        81        80        91
  322:         79        82        76        91        83        84        74
  329:         79        78        89        83        87        75        88
  336:         73        86        78        67        79        77        65
  343:         78       101        75        88        80        80        75
  350:         71        82        78        95        75        90        88
  357:         88        95        95       107        96       111        90
  364:        108       111        97       104       123       127       109
  371:        125       110       124       142       155       126       112
  378:        140       150       130       131       160       147       156
  385:        144       152       173       159       166       172       180
  392:        186       167       180       180       184       163       202
  399:        194       206       195       235       227       206       222
  406:        214       240       236       225       232       240       251
  413:        227       241       240       221       247       234       249
  420:        199       233       229       234       191       213       220
  427:        230       240       193       227       184       210       193
  434:        213       188       201       186       164       195       177
  441:        188       174       172       195       177       162       170
  448:        191       155       170       172       150       152       197
  455:        194       206       207       191       229       231       230
  462:        267       232       265       284       285       269       299
  469:        318       324       347       365       335       377       372
  476:        328       410       423       424       417       425       450
  483:        486       468       479       455       476       440       479
  490:        458       464       506       484       494       485       474
  497:        463       479       469       448       474       452       435
  504:        445       437       454       452       408       427       408
  511:        379       382       390       392       360       329       314
  518:        299       287       301       306       302       281       255
  525:        247       260       229       234       201       211       195
  532:        187       190       177       174       134       143       119
  539:        144       114       138       128       140       109       113
  546:         89       100        93        86        85        77        78
  553:         69        67        67        56        55        71        55
  560:         50        43        46        49        42        50        44
  567:         40        38        28        24        31        31        29
  574:         19        29        20        26        28        19        24
  581:         17        19        19        11        15        17        18
  588:          8        13        20        12        19        13        10
  595:         14        14        11        15        21        16        10
  602:         13        12        14        15        14        18        14
  609:         15         4        13        13         7        13        10
  616:         14        18        16        11        11        11        11
  623:          9        14         6        16        12         9         5
  630:         11         9        15        11         6         7         8
  637:          9         9         7         3         6        13         8
  644:         11        14         6         7         8         9        10
  651:          3         7         3         5        10         6         0
  658:          5         2         3         5         5         2         7
  665:          5         3         3         6        10         7         7
  672:          2         4         3         5         4         5         3
  679:          4         0         0         8         4         4         8
  686:          1         1         4         0         4         2         4
  693:          3         1         7         4         2         4         5
  700:          3         2         1         2         3         0         6
  707:          2         5         3         1         2         6         2
  714:          5         5         5         2         4         0         1
  721:          4         2         0         4         4         3         1
  728:          4         3         0         2         3         4         1
  735:          2         1         2         2         5         3         4
  742:          2         1         1         3         4         1         5
  749:          3         1         1         1         1         2         3
  756:          1         4         3         5         0         5         3
  763:          2         3         6         0         0         0         2
  770:          4         2         3         4         2         2         2
  777:          3         0         1         7         4         1         5
  784:          3         4         0         3         2         4         1
  791:          1         2         3         2         3         3         4
  798:          3         1         3         4         5         2         3
  805:          2         1         0         3         2         3         0
  812:          2         2         2         0         3         3         2
  819:          4         6         3         0         3         5         2
  826:          1         2         2         5         1         1         4
  833:          2         2         1         3         2         3         1
  840:          0         1         2         2         2         4         1
  847:          4         3         0         2         3         0         2
  854:          1         4         2         2         1         2         5
  861:          5         5         3         4         2         1         3
  868:          1         1         1         3         2         3         3
  875:          0         3         2         1         1         5         2
  882:          3         4         1         2         5         4         0
  889:          1         7         5         4         2         2         3
  896:          2         3         3         0         2         0         3
  903:          2         3         1         2         4         2         3
  910:          1         2         2         4         2         5         3
  917:          1         0         3         1         3         2         4
  924:          0         3         1         2         2         0         1
  931:          2         3         1         4         2         2         1
  938:          3         2         1         1         3         0         1
  945:          5         3         4         1         0         3         1
  952:          1         2         1         4         1         2         2
  959:          2         1         0         2         0         2         1
  966:          2         0         0         3         1         0         0
  973:          0         1         2         1         2         0         1
  980:          3         2         2         1         3         2         0
  987:          2         2         1         0         0         1         0
  994:          0         0         0         0         0         0         0
 1001:          0         0         0         0         0         0         0
 1008:          0         0         0         0         0         0         0
 1015:          0         0         0         0         0         0         0
 1022:          0         0