Maestro spectrum printed on 1/28/2022 at 5:54:45 PM
>PC60-26852 Easy-MCA-2k SN 11333505                                              
    0:          0         0         0         0         0         0         0
    7:          0         0         0         0         0         0         0
   14:          0         0         0         0         0         0         0
   21:         31       221       186       145       164       137       150
   28:        148       149       200       140       159       184       198
   35:        186       195       214       204       248       197       250
   42:        272       265       262       261       270       302       251
   49:        247       236       266       253       264       251       222
   56:        211       261       261       216       237       260       256
   63:        245       275       300       281       304       298       334
   70:        322       336       324       346       374       345       399
   77:        383       424       433       439       412       445       471
   84:        525       493       479       518       554       586       576
   91:        617       611       568       623       649       669       723
   98:        685       744       794       756       846       823       883
  105:        883       877       887       903       845       946       937
  112:        907       964       986       932       975       940       961
  119:       1004      1001       985       970       945      1009      1013
  126:        985      1019       943       998       942      1005       998
  133:       1035       978       977      1017      1006       962      1016
  140:        985       990       996       960      1007       928       977
  147:        979       958       914       938       897       933       980
  154:        936       933       962       918       959       965       926
  161:        978       927       967       940       884       908       953
  168:        927       891       873       915       872       936       905
  175:        855       844       917       855       860       904       872
  182:        877       818       881       805       844       853       806
  189:        808       821       798       785       815       833       789
  196:        792       748       790       728       774       739       779
  203:        727       731       764       685       709       716       753
  210:        672       689       673       693       650       662       649
  217:        656       648       688       635       676       658       590
  224:        618       612       650       656       648       646       635
  231:        604       590       624       639       585       593       593
  238:        596       581       598       577       564       575       581
  245:        607       611       580       560       600       587       581
  252:        583       562       564       583       577       590       594
  259:        570       589       571       588       554       582       516
  266:        577       530       547       571       522       594       576
  273:        508       496       505       528       523       505       506
  280:        534       460       478       483       488       450       467
  287:        434       397       469       425       434       438       417
  294:        442       413       406       383       404       390       359
  301:        371       401       392       392       336       339       369
  308:        377       325       361       338       353       330       316
  315:        322       324       317       319       336       350       335
  322:        318       324       316       282       341       319       330
  329:        325       307       285       315       329       316       342
  336:        291       335       277       294       257       269       280
  343:        263       306       266       274       281       261       262
  350:        298       256       270       263       253       267       248
  357:        217       240       230       250       252       212       220
  364:        241       246       222       221       228       197       227
  371:        244       207       213       244       219       228       219
  378:        196       156       201       170       172       195       215
  385:        177       203       187       205       187       188       175
  392:        193       182       180       180       192       188       145
  399:        201       172       186       177       177       162       197
  406:        166       166       157       165       163       161       177
  413:        156       165       154       156       154       167       185
  420:        138       150       166       162       158       135       172
  427:        137       162       179       157       141       148       148
  434:        138       144       158       156       117       161       137
  441:        141       126       148       138       129       133       147
  448:        136       131       142       128       134       127       135
  455:        129       130       126       116       131       144       113
  462:        127       134       141       140       126       116       113
  469:        129       138       122       119       136       121       124
  476:        115       141       127       125       158       128       121
  483:        115       127       120       114       111       108       109
  490:        118       127       107       107       123       106       128
  497:        122       119        96       116       121       109       131
  504:         91        97        92        96        93       100        98
  511:         87       100        89       100        91        97       104
  518:        101       100       102        77        93        87        75
  525:         67        77        89        59        83        79        91
  532:         83        68        83        79        80        72        65
  539:         78        77        67        79        63        61        65
  546:         72        75        81        72        59        65        59
  553:         69        68        73        62        69        61        64
  560:         71        62        77        67        65        61        70
  567:         80        61        85        60        67        70        50
  574:         79        61        57        80        67        65        69
  581:         60        64        64        62        60        48        56
  588:         62        69        55        68        57        63        72
  595:         56        57        63        52        57        53        67
  602:         67        69        49        55        63        71        59
  609:         52        56        59        55        45        66        48
  616:         56        64        58        53        53        56        51
  623:         50        55        46        59        42        42        44
  630:         45        46        49        40        37        55        58
  637:         57        42        60        51        51        57        64
  644:         61        54        46        49        40        41        56
  651:         35        53        47        39        41        55        46
  658:         36        38        51        41        53        51        56
  665:         56        58        55        59        50        39        46
  672:         35        37        49        59        39        50        38
  679:         38        40        40        55        38        52        49
  686:         52        37        36        43        41        44        39
  693:         41        44        35        36        41        52        39
  700:         40        37        44        48        38        46        33
  707:         40        45        37        38        35        45        41
  714:         39        37        49        38        34        41        43
  721:         44        39        40        38        38        41        41
  728:         37        43        31        33        36        46        41
  735:         38        33        28        36        40        41        40
  742:         33        33        34        39        33        44        46
  749:         39        45        28        33        34        41        40
  756:         33        41        31        37        38        36        35
  763:         46        45        31        45        27        36        30
  770:         46        37        41        39        37        33        41
  777:         45        30        27        42        43        31        40
  784:         40        44        33        33        36        44        43
  791:         28        50        58        42        40        47        42
  798:         34        37        41        41        38        43        44
  805:         49        47        59        42        49        46        43
  812:         40        33        40        44        50        34        51
  819:         36        32        36        42        37        30        40
  826:         50        46        51        38        38        34        32
  833:         50        42        35        40        47        37        45
  840:         47        41        38        43        43        36        46
  847:         40        26        25        32        36        34        36
  854:         41        41        41        31        43        37        41
  861:         38        41        43        41        34        49        45
  868:         34        40        35        36        36        44        52
  875:         35        36        43        34        38        44        34
  882:         33        27        32        30        44        31        38
  889:         44        37        29        33        29        36        44
  896:         43        37        46        40        40        32        40
  903:         44        27        33        28        30        38        37
  910:         34        38        27        34        33        29        36
  917:         33        35        39        33        33        35        23
  924:         31        31        29        26        33        33        33
  931:         19        26        28        26        24        23        22
  938:         26        30        23        29        19        19        23
  945:         35        15        23        28        26        27        14
  952:         21        28        21        15        23        34        13
  959:         20        30        22        23        25        27        27
  966:         15        32        16        15        21        26        29
  973:         16        23        19        13        28        26        20
  980:         13        18        20        21        22        13        25
  987:         16        24        28        15        17         1         0
  994:          0         0         0         0         0         0         0
 1001:          0         0         0         0         0         0         0
 1008:          0         0         0         0         0         0         0
 1015:          0         0         0         0         0         0         0
 1022:          0         0