
Maestro spectrum printed on 1/28/2022 at 4:53:27 PM
>PC60-26852 Easy-MCA-2k SN 11333505                                              
    0:          0         0         0         0         0         0         0
    7:          0         0         0         0         0         0         0
   14:          0         0         0         0         0         0         1
   21:         83       338       305       307       275       316       249
   28:        283       291       292       298       348       331       310
   35:        339       360       381       438       501       582       637
   42:        751       882       992      1098      1215      1339      1395
   49:       1453      1335      1330      1234      1158      1033      1022
   56:        882       806       683       603       526       483       402
   63:        355       383       320       330       267       268       286
   70:        275       243       252       263       248       222       255
   77:        260       240       257       241       267       289       275
   84:        297       269       276       270       294       292       293
   91:        271       276       279       284       288       271       281
   98:        315       305       288       305       275       321       309
  105:        296       350       316       285       283       310       294
  112:        309       314       344       300       323       310       321
  119:        335       317       326       318       303       324       334
  126:        334       342       302       299       311       329       318
  133:        305       323       340       303       310       358       330
  140:        326       353       315       326       285       321       301
  147:        342       302       293       305       377       345       311
  154:        354       319       363       338       338       311       331
  161:        303       350       295       315       351       324       372
  168:        339       350       323       318       327       332       349
  175:        335       319       354       346       317       361       394
  182:        363       342       371       347       336       354       366
  189:        366       356       326       361       376       340       360
  196:        349       355       340       384       317       342       372
  203:        324       344       361       341       350       385       379
  210:        338       346       366       383       368       404       353
  217:        370       341       334       357       356       343       355
  224:        331       342       396       328       369       381       373
  231:        378       338       388       393       378       413       424
  238:        418       397       372       406       395       372       393
  245:        376       431       413       413       433       392       431
  252:        434       415       436       440       426       484       472
  259:        433       490       515       495       427       508       535
  266:        518       467       484       495       509       536       494
  273:        543       490       528       507       496       534       503
  280:        506       544       542       502       508       492       508
  287:        509       495       473       468       517       487       492
  294:        502       491       511       498       476       466       488
  301:        446       503       477       495       438       441       455
  308:        477       450       446       444       438       455       466
  315:        464       436       436       425       430       421       393
  322:        415       429       414       435       417       403       406
  329:        427       432       405       406       410       427       368
  336:        365       390       367       370       359       409       346
  343:        366       380       362       339       376       384       371
  350:        358       369       354       369       356       379       347
  357:        338       339       349       335       371       347       370
  364:        332       327       322       330       326       351       327
  371:        351       310       320       338       343       330       313
  378:        311       323       317       295       363       309       273
  385:        304       312       318       331       304       288       287
  392:        346       339       302       295       298       306       327
  399:        310       301       299       304       320       276       321
  406:        280       272       305       270       268       304       249
  413:        262       279       284       292       301       273       277
  420:        263       259       290       276       262       279       243
  427:        246       296       259       275       279       251       247
  434:        264       278       290       265       270       245       279
  441:        280       274       248       283       261       254       281
  448:        276       251       253       274       253       264       242
  455:        259       288       262       258       277       264       257
  462:        239       271       278       259       284       255       229
  469:        214       262       258       257       261       243       253
  476:        256       247       226       242       255       258       247
  483:        252       214       226       224       250       236       258
  490:        250       250       279       229       249       252       268
  497:        250       237       245       245       231       249       264
  504:        247       263       245       202       234       224       229
  511:        257       216       229       246       214       222       248
  518:        259       239       243       240       244       247       211
  525:        244       228       234       235       253       234       248
  532:        268       232       245       210       231       274       245
  539:        262       216       239       238       248       256       237
  546:        206       238       258       243       250       269       258
  553:        239       245       276       228       221       226       253
  560:        218       212       247       242       244       253       255
  567:        260       240       262       245       271       248       250
  574:        215       233       261       245       243       249       248
  581:        230       248       237       221       231       249       251
  588:        223       222       247       249       239       216       223
  595:        238       217       225       210       238       231       229
  602:        199       203       227       216       242       222       199
  609:        192       213       214       189       206       222       223
  616:        185       189       186       213       198       192       183
  623:        192       164       174       143       174       171       169
  630:        180       187       162       161       159       137       151
  637:        133       145       133       145       144       132       126
  644:        103       143       127       120       111       115       144
  651:        120       111        93       124        94       105       104
  658:         82       100       109       100        96        86        91
  665:         88        85        84        70        77        82        78
  672:         92       100        86        70        67        64        73
  679:         79        73        58        79        59        73        59
  686:         70        69        61        72        64        61        67
  693:         61        58        52        66        48        68        63
  700:         66        47        53        59        74        45        59
  707:         49        52        34        62        47        50        43
  714:         56        54        38        52        48        43        50
  721:         45        54        45        44        39        43        35
  728:         46        44        42        40        46        45        41
  735:         37        34        41        51        46        49        53
  742:         37        34        35        34        38        37        41
  749:         41        37        45        37        37        49        38
  756:         43        35        36        41        35        37        45
  763:         44        41        36        46        43        38        39
  770:         46        36        42        27        40        44        52
  777:         36        36        44        41        42        52        41
  784:         43        38        49        51        38        44        41
  791:         41        31        50        51        39        58        55
  798:         65        38        57        48        71        63        62
  805:         65        66        64        74        85        66        77
  812:         83        83        83        83        78       102       115
  819:        106       101        99       120       134       117       127
  826:        138       160       156       158       164       166       190
  833:        205       209       195       198       226       220       248
  840:        249       273       284       265       303       348       332
  847:        360       369       388       393       358       383       436
  854:        408       435       495       498       487       528       559
  861:        533       580       624       586       655       655       648
  868:        691       719       745       758       803       771       772
  875:        793       796       900       814       912       909       920
  882:        886       958       920       988      1005       958       978
  889:       1018      1037      1052      1044      1099      1029      1172
  896:       1063      1144      1156      1145      1126      1107      1168
  903:       1107      1081      1076      1089      1110      1058      1074
  910:       1061      1100      1070      1076      1022      1123      1043
  917:       1046       974       986       961       945       956       899
  924:        863       907       792       896       807       870       780
  931:        748       730       709       714       737       663       659
  938:        631       620       594       590       554       572       548
  945:        511       471       405       460       410       402       424
  952:        402       341       331       359       290       288       289
  959:        263       259       235       236       197       243       193
  966:        193       166       139       151       169       144       134
  973:        126       125       136       118       100        89        82
  980:         64        77        78        72        86        58        69
  987:         54        50        39        51        40         6         4
  994:          2         3         0         2         0         0         0
 1001:          1         0         0         0         0         0         0
 1008:          0         0         0         0         0         0         0
 1015:          0         0         0         0         0         0         0
 1022:          0         0