Maestro spectrum printed on 1/28/2022 at 5:20:17 PM
>PC60-26852 Easy-MCA-2k SN 11333505                                              
    0:          0         0         0         0         0         0         0
    7:          0         0         0         0         0         0         0
   14:          0         0         0         0         0         0         0
   21:         42       290       267       263       255       306       271
   28:        306       255       267       274       260       304       289
   35:        292       292       303       331       296       290       367
   42:        351       353       370       332       327       372       347
   49:        352       370       355       342       323       336       367
   56:        355       339       345       341       370       353       337
   63:        349       377       374       367       387       428       417
   70:        396       386       445       423       422       422       473
   77:        463       475       449       493       530       499       479
   84:        508       556       554       532       574       550       597
   91:        602       637       641       649       666       651       722
   98:        730       727       735       774       723       742       795
  105:        790       839       791       796       857       888       878
  112:        884       889       948       925       884       989       966
  119:        922       932       868       871       855       923       939
  126:        910       906       905       903       911       896       935
  133:        889       871       942       907       890       892       954
  140:        915       830       922       852       904       892       881
  147:        877       913       915       892       909       804       821
  154:        841       835       896       909       863       889       855
  161:        827       883       859       884       832       859       806
  168:        894       819       873       818       877       812       828
  175:        791       870       800       827       811       810       805
  182:        847       800       833       771       801       812       844
  189:        782       771       794       780       781       774       819
  196:        785       776       777       741       800       808       816
  203:        791       725       781       772       778       765       728
  210:        750       761       814       731       766       718       720
  217:        719       735       784       701       731       774       704
  224:        774       715       701       764       707       737       699
  231:        781       730       738       752       762       714       763
  238:        791       729       797       744       729       765       760
  245:        782       824       820       803       781       800       778
  252:        806       752       795       758       796       773       870
  259:        668       723       772       799       751       849       749
  266:        688       729       760       801       752       723       745
  273:        721       732       733       711       710       673       706
  280:        699       699       701       681       656       671       597
  287:        681       613       665       663       656       672       592
  294:        619       581       610       608       606       590       660
  301:        573       588       562       593       554       603       567
  308:        545       574       630       569       550       549       512
  315:        572       532       581       542       509       506       523
  322:        537       557       524       512       510       563       502
  329:        504       508       511       519       486       465       543
  336:        482       493       478       512       523       515       477
  343:        460       516       474       470       461       451       464
  350:        462       454       464       421       432       473       446
  357:        416       435       437       432       434       426       404
  364:        415       428       443       439       411       400       391
  371:        407       365       352       399       391       418       405
  378:        407       380       416       392       357       350       409
  385:        349       351       399       381       345       380       339
  392:        376       404       369       351       347       394       356
  399:        349       319       364       347       372       357       382
  406:        374       337       337       349       341       381       320
  413:        361       343       351       358       347       322       331
  420:        353       318       316       324       332       290       323
  427:        321       320       275       315       312       320       333
  434:        312       300       298       289       299       289       274
  441:        250       300       282       291       264       252       259
  448:        254       269       230       235       276       265       265
  455:        238       243       250       230       224       223       233
  462:        231       220       204       207       209       231       220
  469:        210       200       203       180       200       207       202
  476:        202       191       185       201       201       199       170
  483:        189       166       181       217       185       168       200
  490:        196       171       185       167       160       193       154
  497:        212       148       169       191       173       153       149
  504:        154       149       177       133       162       173       135
  511:        137       105       153       142       147       168       152
  518:        144       154       126       144       155       140       132
  525:        146       159       129       142       126       127       143
  532:        144       130       137       142       141       128       127
  539:        117       134       109       113       143       154       137
  546:        119       112       125       110       135       133       127
  553:        122       118        99       116       123       128       131
  560:        112       114        99       124       133       115       132
  567:        118        98       128       116       122       110       120
  574:         84        94       101       112       106       107       102
  581:        124       117       120       115       121       100       111
  588:        107        97       123       105       103       106       113
  595:        126       110       102        99       111       111        87
  602:        117       101       114       114       102       107       114
  609:        127       106       120       121       112       113       105
  616:        113       120       122       113       118       131       150
  623:        134       103       145       159       141       152       177
  630:        156       153       170       179       176       174       190
  637:        212       180       206       245       238       267       219
  644:        225       296       253       292       304       277       365
  651:        328       342       351       356       400       413       458
  658:        431       451       475       502       501       514       525
  665:        550       615       639       588       588       678       666
  672:        695       713       734       769       755       777       815
  679:        861       872       851       877       884       916       872
  686:        885       920       934       944      1003       941       980
  693:        958      1020      1003       991       989       968      1013
  700:        993      1006      1003      1006       976       963       922
  707:        947       944       936       877       910       856       881
  714:        836       851       843       787       761       766       766
  721:        701       729       693       701       607       608       642
  728:        575       550       545       536       516       483       463
  735:        444       451       410       371       392       350       352
  742:        342       317       299       325       256       285       243
  749:        234       214       216       218       217       193       197
  756:        178       194       202       156       157       135       138
  763:        137       117       115       124       104        98       130
  770:        119        97        92        84        84        96        77
  777:         84        98        75        90        68        72        57
  784:         63        53        73        66        58        66        63
  791:         91        67        53        71        66        44        63
  798:         51        64        63        55        60        54        71
  805:         70        56        55        62        65        74        56
  812:         72        52        49        67        67        51        61
  819:         71        68        66        52        61        75        56
  826:         50        74        55        57        56        62        59
  833:         58        70        62        53        79        62        71
  840:         63        47        59        61        57        63        52
  847:         65        51        62        65        54        58        59
  854:         75        64        43        57        53        64        56
  861:         45        64        80        68        61        49        54
  868:         56        71        53        55        61        52        50
  875:         51        44        66        55        66        57        56
  882:         58        66        58        53        60        47        59
  889:         63        63        48        64        56        45        62
  896:         50        66        54        59        59        67        61
  903:         41        48        64        45        48        56        52
  910:         59        82        55        70        49        64        58
  917:         58        58        50        67        55        57        61
  924:         63        59        59        61        69        50        50
  931:         57        59        57        46        40        51        46
  938:         53        45        58        46        52        43        51
  945:         47        50        53        55        58        56        53
  952:         46        50        47        53        50        50        60
  959:         47        44        48        44        57        47        43
  966:         34        50        63        55        42        39        47
  973:         54        37        59        61        55        53        55
  980:         46        47        48        46        53        48        48
  987:         63        62        46        51        55         3         0
  994:          0         0         0         0         1         0         0
 1001:          0         0         0         0         0         0         0
 1008:          0         0         0         0         0         0         0
 1015:          0         0         0         0         0         0         0
 1022:          0         0