
Maestro spectrum printed on 2/4/2022 at 3:01:38 PM
>PC60-26852 Easy-MCA-2k SN 11333505                                              
    0:          0         0         0         0         0         0         0
    7:          0         0         0         0         0         0         0
   14:          1         0         0         0         0         0         0
   21:         13      1457      1130       643       412       301       191
   28:        191       144       142       124       134       129       141
   35:        146       117       127       137       138       136       147
   42:        146       134       161       151       146       132       149
   49:        131       136       161       139       149       137       169
   56:        144       149       144       133       134       162       147
   63:        144       159       167       163       161       163       178
   70:        171       172       209       192       182       189       194
   77:        180       209       223       194       208       209       238
   84:        245       213       251       259       261       272       281
   91:        287       267       270       291       295       284       301
   98:        339       330       322       320       345       344       384
  105:        375       362       358       349       362       374       369
  112:        388       373       395       416       387       401       394
  119:        397       424       396       427       424       386       412
  126:        441       467       461       437       434       422       431
  133:        394       451       454       405       429       452       411
  140:        424       387       414       383       430       418       409
  147:        409       415       426       398       395       440       416
  154:        417       366       455       407       389       406       402
  161:        386       393       422       431       418       424       399
  168:        422       402       379       372       396       354       423
  175:        338       393       379       376       378       387       389
  182:        380       374       399       372       376       365       394
  189:        327       388       399       415       363       363       382
  196:        372       361       346       378       403       350       376
  203:        351       374       347       340       304       336       324
  210:        332       338       342       357       345       331       330
  217:        321       320       367       337       345       306       335
  224:        322       330       352       316       348       343       312
  231:        315       323       342       308       340       373       321
  238:        332       302       304       362       334       350       338
  245:        337       361       322       341       316       297       313
  252:        337       327       317       340       332       317       335
  259:        350       327       344       301       330       307       338
  266:        328       307       337       291       306       328       303
  273:        286       273       290       300       293       306       308
  280:        289       259       305       276       249       278       275
  287:        274       261       256       295       271       256       259
  294:        260       259       247       264       237       262       239
  301:        244       257       241       275       243       227       246
  308:        219       242       229       255       231       224       194
  315:        238       237       204       245       196       247       233
  322:        245       206       200       221       220       220       226
  329:        198       218       237       210       215       230       233
  336:        213       229       198       194       193       199       213
  343:        196       188       187       178       184       194       202
  350:        179       158       197       170       187       206       178
  357:        194       183       180       197       182       186       166
  364:        170       159       154       150       152       149       176
  371:        178       149       159       145       151       151       141
  378:        163       162       161       175       162       133       157
  385:        149       136       143       147       140       159       166
  392:        145       143       146       130       135       129       184
  399:        131       123       163       153       141       111       128
  406:        139       160       140       124       118       145       150
  413:        113       136       139       134       128       141       132
  420:        121       111       122       141       137       121       128
  427:        108       116       134       128       124       127       118
  434:        100        95       119       104       110       130       107
  441:         98        98        95       102        97       113       110
  448:        100       100        94       118        87        84        84
  455:         80        93       112        93       105        76        77
  462:         90        75        90        84        99        79        68
  469:        101        90        93        70        63        68        79
  476:         80        80        82        63        68        70        62
  483:         77        52        77        65        61        71        58
  490:         65        75        69        76        78        72        65
  497:         71        74        58        63        69        72        63
  504:         60        53        62        60        60        63        51
  511:         59        48        61        49        59        57        66
  518:         69        57        67        52        75        63        33
  525:         65        59        52        58        53        53        49
  532:         58        52        52        53        44        53        53
  539:         51        52        58        39        47        43        48
  546:         41        45        54        56        57        44        42
  553:         48        55        29        46        41        48        38
  560:         45        43        43        47        42        29        49
  567:         55        55        58        53        47        35        42
  574:         40        49        51        43        35        49        46
  581:         57        42        43        46        37        29        46
  588:         48        34        35        42        42        43        35
  595:         37        35        41        37        46        37        43
  602:         32        56        41        43        41        31        53
  609:         42        49        40        38        42        44        49
  616:         50        53        61        62        55        57        45
  623:         52        51        53        62        57        46        58
  630:         64        61        71        61        63        58        64
  637:         66        77        89        87        96       105        88
  644:         91        94       102       117       112       136       146
  651:        136       124       139       147       146       138       150
  658:        170       183       184       158       182       195       198
  665:        200       214       236       207       259       249       282
  672:        226       252       248       266       286       297       278
  679:        296       325       294       298       309       303       315
  686:        306       320       326       322       339       354       304
  693:        329       362       356       324       307       286       320
  700:        340       312       310       323       323       316       314
  707:        309       303       292       276       322       282       249
  714:        253       273       266       239       239       244       251
  721:        237       205       207       233       186       186       173
  728:        189       168       160       159       182       146       122
  735:        133       146       135       124       112       123       121
  742:        106       117        89        94        79        74        79
  749:         79        84        66        68        54        58        53
  756:         61        63        42        39        40        48        40
  763:         42        43        36        49        59        46        27
  770:         29        28        40        27        43        31        27
  777:         40        35        29        23        23        31        37
  784:         27        25        31        26        28        21        29
  791:         23        24        31        27        29        34        30
  798:         16        22        26        23        20        24        29
  805:         13        28        12        30        24        29        25
  812:         24        30        22        25        28        24        28
  819:         26        26        25        29        30        36        29
  826:         19        19        25        30        29        34        23
  833:         16        20        18        21        25        20        20
  840:         25        19        24        29        24        19        21
  847:         35        25        20        22        30        21        28
  854:         25        27        23        27        33        29        25
  861:         43        28        19        17        16        26        20
  868:         22        25        19        21        30        25        28
  875:         16        29        28        20        21        22        26
  882:         26        22        19        29        24        33        17
  889:         23        24        22        25        22        23        28
  896:         30        18        31        20        13        22        28
  903:         26        23        16        23        23        15        19
  910:         24        33        24        27        19        17        15
  917:         18        21        22        18        16        18        18
  924:         20        22        16        24        18        25        29
  931:         25        24        17        19        31        27        22
  938:         20        15        18        19        17        21        24
  945:         19        20        25        19        12        18        17
  952:         25        11        23        11        17        18        20
  959:         19        16        14        21        13        14        16
  966:         16        19        27        16        23        21        10
  973:         16        20        16        19        16        21        23
  980:         20        18        15        22        12        23        15
  987:         28        19        23        14        16         3         0
  994:          0         0         0         0         0         0         0
 1001:          0         0         0         0         0         0         0
 1008:          0         0         0         0         0         0         0
 1015:          0         0         0         0         0         0         0
 1022:          0         0