
Maestro spectrum printed on 2/2/2022 at 2:44:29 PM
>PC60-26852 Easy-MCA-2k SN 11333505                                              
    0:          0         0         0         0         0         0         0
    7:          0         0         0         0         0         0         0
   14:          0         0         0         0         0         7        34
   21:        329     25028     23557     16760     12275      8732      6272
   28:       4416      3287      2690      2190      1737      1624      1548
   35:       1474      1379      1329      1355      1289      1339      1334
   42:       1254      1316      1313      1301      1369      1370      1412
   49:       1465      1447      1694      2173      2873      3293      3223
   56:       2689      2248      1982      1643      1617      1498      1377
   63:       1445      1379      1359      1383      1322      1202      1313
   70:       1349      1351      1333      1306      1313      1386      1304
   77:       1389      1400      1418      1335      1396      1288      1385
   84:       1407      1371      1358      1404      1371      1341      1362
   91:       1386      1436      1407      1440      1451      1415      1393
   98:       1418      1469      1476      1460      1575      1543      1547
  105:       1516      1531      1482      1530      1576      1569      1542
  112:       1624      1638      1462      1560      1565      1575      1629
  119:       1550      1557      1566      1540      1628      1561      1554
  126:       1584      1591      1623      1542      1622      1532      1682
  133:       1575      1569      1661      1633      1543      1564      1602
  140:       1609      1501      1545      1537      1511      1584      1667
  147:       1538      1523      1585      1605      1653      1659      1563
  154:       1599      1641      1592      1586      1650      1627      1552
  161:       1559      1517      1549      1662      1631      1691      1644
  168:       1555      1580      1633      1659      1599      1660      1600
  175:       1695      1645      1678      1692      1595      1657      1709
  182:       1594      1666      1662      1616      1706      1650      1635
  189:       1710      1697      1706      1661      1668      1603      1658
  196:       1602      1709      1746      1681      1650      1644      1655
  203:       1695      1695      1731      1773      1703      1759      1693
  210:       1646      1668      1732      1714      1723      1680      1706
  217:       1750      1726      1791      1706      1794      1746      1738
  224:       1699      1790      1754      1786      1720      1760      1861
  231:       1792      1877      1837      1849      1853      1924      1865
  238:       1920      1925      1939      1919      1993      1955      1906
  245:       1942      2040      1969      1997      2038      1987      1981
  252:       2072      2125      2051      2073      2110      2150      2188
  259:       2253      2217      2257      2215      2248      2296      2346
  266:       2348      2389      2354      2461      2305      2423      2418
  273:       2395      2426      2417      2402      2393      2379      2389
  280:       2359      2376      2335      2415      2331      2328      2417
  287:       2424      2278      2235      2291      2345      2365      2222
  294:       2297      2221      2327      2291      2219      2203      2217
  301:       2213      2166      2199      2162      2209      2060      2185
  308:       2059      2070      2153      2077      2047      2042      2076
  315:       2034      1979      1997      2082      1968      2020      2124
  322:       1984      1914      1901      1992      1830      1954      1871
  329:       1915      1917      1909      1915      1966      1905      1927
  336:       1800      1817      1818      1750      1815      1724      1825
  343:       1790      1766      1859      1798      1750      1788      1793
  350:       1694      1775      1767      1717      1757      1705      1704
  357:       1666      1642      1645      1697      1729      1642      1692
  364:       1667      1634      1696      1629      1624      1666      1624
  371:       1640      1550      1545      1635      1544      1604      1587
  378:       1592      1549      1635      1610      1568      1632      1579
  385:       1590      1521      1583      1614      1617      1460      1526
  392:       1565      1551      1507      1518      1542      1502      1522
  399:       1560      1512      1486      1510      1526      1474      1549
  406:       1525      1473      1477      1473      1410      1474      1539
  413:       1513      1464      1526      1506      1451      1504      1466
  420:       1461      1474      1462      1448      1449      1486      1457
  427:       1477      1467      1481      1410      1490      1399      1451
  434:       1455      1428      1511      1493      1496      1419      1443
  441:       1509      1473      1446      1478      1434      1424      1489
  448:       1455      1434      1451      1401      1469      1460      1442
  455:       1430      1437      1391      1440      1470      1424      1460
  462:       1417      1511      1435      1520      1430      1505      1431
  469:       1506      1509      1374      1441      1389      1495      1452
  476:       1433      1397      1380      1480      1481      1426      1385
  483:       1451      1418      1423      1419      1426      1454      1387
  490:       1472      1446      1487      1416      1483      1448      1435
  497:       1386      1462      1445      1507      1456      1456      1435
  504:       1374      1392      1408      1438      1490      1429      1415
  511:       1415      1361      1529      1467      1481      1489      1512
  518:       1457      1393      1466      1455      1430      1501      1458
  525:       1446      1452      1415      1425      1468      1473      1475
  532:       1460      1434      1501      1486      1523      1408      1396
  539:       1463      1410      1488      1493      1413      1527      1500
  546:       1467      1494      1624      1527      1459      1587      1496
  553:       1512      1501      1545      1481      1514      1528      1573
  560:       1534      1539      1516      1494      1603      1503      1596
  567:       1491      1483      1496      1548      1506      1469      1466
  574:       1572      1500      1472      1514      1527      1496      1529
  581:       1464      1493      1538      1502      1460      1490      1504
  588:       1507      1488      1460      1480      1482      1501      1446
  595:       1524      1431      1389      1413      1409      1435      1416
  602:       1383      1423      1403      1440      1405      1407      1356
  609:       1349      1361      1389      1314      1366      1293      1305
  616:       1322      1328      1300      1204      1233      1271      1213
  623:       1204      1201      1229      1182      1212      1179      1138
  630:       1134      1097      1124      1092      1142      1033      1070
  637:       1091      1023       999      1022      1033      1022      1024
  644:        948       924       926       916       862       849       941
  651:        883       825       904       833       887       874       835
  658:        829       820       779       780       823       779       780
  665:        801       693       700       722       672       714       723
  672:        664       699       674       643       640       659       660
  679:        629       609       657       644       577       617       576
  686:        572       548       562       567       565       540       561
  693:        564       569       564       493       525       544       506
  700:        536       502       556       511       505       463       474
  707:        484       466       518       496       463       466       475
  714:        431       516       494       457       480       443       441
  721:        480       495       426       458       449       467       449
  728:        445       460       430       433       408       477       410
  735:        420       451       454       410       451       428       417
  742:        456       436       426       455       423       412       420
  749:        451       416       440       425       438       432       418
  756:        427       441       391       406       447       427       416
  763:        414       424       430       418       441       421       385
  770:        460       405       423       462       401       487       426
  777:        476       468       472       479       500       437       481
  784:        478       495       502       515       509       455       483
  791:        511       542       547       528       572       536       594
  798:        595       626       587       578       599       615       625
  805:        642       702       662       694       757       697       729
  812:        821       791       800       818       869       879       910
  819:        912       916       970       993      1097      1120      1093
  826:       1175      1222      1260      1267      1321      1415      1529
  833:       1413      1520      1520      1637      1652      1840      1797
  840:       1812      1980      2076      2102      2154      2228      2362
  847:       2370      2422      2554      2662      2733      2806      2902
  854:       3004      3129      3281      3169      3357      3409      3556
  861:       3737      3783      3901      4020      4085      4235      4356
  868:       4301      4520      4687      4637      4798      4896      5133
  875:       5061      5134      5417      5411      5560      5511      5813
  882:       5904      6038      6145      6041      6144      6218      6427
  889:       6334      6430      6606      6684      6724      6711      6800
  896:       6734      6675      6799      6804      6800      6844      6898
  903:       6849      6857      6776      7000      6755      6714      6743
  910:       6725      6577      6593      6519      6395      6308      6532
  917:       6129      6038      6116      5906      5897      5807      5630
  924:       5553      5426      5461      5245      5249      5088      4815
  931:       4737      4719      4590      4410      4159      4118      3937
  938:       3873      3794      3614      3530      3426      3290      3106
  945:       3140      2988      2833      2688      2568      2535      2439
  952:       2426      2238      2150      2041      1908      1787      1801
  959:       1753      1589      1494      1421      1405      1296      1269
  966:       1155      1078      1069       981       931       914       830
  973:        759       780       697       616       678       620       530
  980:        534       468       471       410       395       428       372
  987:        314       294       304       267       278        78        15
  994:         21        16        12        12         7        10         2
 1001:          7         5         3         1         2         1         3
 1008:          0         0         0         0         0         0         0
 1015:          0         0         0         0         0         0         0
 1022:          0         0