
Maestro spectrum printed on 2/18/2022 at 3:30:12 PM
>PC60-26852 Easy-MCA-2k SN 11333505                                              
    0:          0         0         0         0         0         0         0
    7:          0         0         0         0         0         0         0
   14:          1         0         0         0         0         0         0
   21:         18      8562     14543     17051     17002     13740      8581
   28:       4198      1572       574       259       208       171       168
   35:        148       165       167       146       170       181       164
   42:        154       177       206       183       204       300       654
   49:       1816      4551      8694     13373     16321     16563     13434
   56:       8831      4642      1945       723       303       199       180
   63:        212       196       206       195       198       230       220
   70:        236       224       246       265       240       235       244
   77:        249       286       280       276       283       320       328
   84:        321       339       334       298       392       420       368
   91:        394       419       437       431       479       477       477
   98:        457       523       518       536       504       556       580
  105:        573       640       614       598       612       592       653
  112:        705       714       646       652       696       680       698
  119:        726       705       768       818       765       749       765
  126:        807       757       752       824       792       786       760
  133:        772       851       792       829       780       751       768
  140:        832       803       787       798       815       831       844
  147:        830       792       860       797       796       773       778
  154:        806       752       800       798       800       764       804
  161:        848       729       808       775       766       806       730
  168:        762       718       727       811       742       762       752
  175:        734       756       773       725       756       742       758
  182:        750       726       741       718       693       728       693
  189:        688       681       691       692       726       676       673
  196:        673       685       655       662       650       659       678
  203:        665       668       678       595       678       608       592
  210:        619       617       612       612       578       611       584
  217:        651       618       613       584       598       564       594
  224:        604       619       567       533       569       600       568
  231:        550       537       568       605       542       539       528
  238:        493       550       507       506       502       503       493
  245:        499       473       529       524       533       476       518
  252:        464       506       473       505       492       512       529
  259:        445       484       508       453       463       464       456
  266:        452       462       472       487       427       490       478
  273:        481       469       475       474       491       452       472
  280:        462       467       443       391       440       450       431
  287:        400       411       420       446       444       418       428
  294:        420       430       417       423       400       396       405
  301:        396       349       365       382       381       348       344
  308:        368       359       357       356       378       351       319
  315:        333       340       338       318       321       340       302
  322:        316       316       312       344       320       342       317
  329:        287       302       298       303       287       262       288
  336:        273       305       287       282       298       276       328
  343:        271       267       289       265       287       260       252
  350:        271       280       281       297       264       249       294
  357:        253       264       273       245       249       267       222
  364:        258       234       257       229       234       231       245
  371:        222       263       260       262       209       250       234
  378:        216       224       218       200       234       241       237
  385:        228       211       216       215       224       203       201
  392:        193       233       203       223       197       189       192
  399:        177       205       180       198       195       191       168
  406:        169       178       210       205       182       169       173
  413:        163       174       189       169       182       162       171
  420:        159       180       167       168       166       154       172
  427:        165       174       166       154       169       162       136
  434:        173       157       128       166       138       156       150
  441:        137       149       138       144       143       144       123
  448:        117       128       140       150       121       139       135
  455:        111       109       129       110       125       137       128
  462:        115       133       101       121       116       125       120
  469:        117       115       119       122       115       106       110
  476:        104       130       103        97       117        97       105
  483:        105       115       125       108        98       128        98
  490:        114       117       114       100        97       118       121
  497:        111       114        95       114       107        97        89
  504:         86        99       111       114        87        89       106
  511:        121        98        99        91        94        88       103
  518:         84        73        88        84        76       104       105
  525:         87        96        78        93        85       102        81
  532:         86        79        77        94        91        76        85
  539:         83        82        71        77        81        58        83
  546:         75        79        86        70        88        74        60
  553:         76        72        75        71        66        64        78
  560:         72        72        62        60        65        65        63
  567:         60        68        61        63        70        73        65
  574:         59        74        62        76        64        58        62
  581:         67        57        62        64        60        65        75
  588:         67        59        61        61        54        59        58
  595:         54        66        49        54        49        54        56
  602:         69        57        51        58        45        58        64
  609:         57        46        54        51        48        59        59
  616:         58        38        52        50        50        44        51
  623:         64        44        41        57        43        49        44
  630:         51        50        52        52        46        50        42
  637:         62        55        52        46        56        50        55
  644:         37        49        46        53        41        43        34
  651:         34        53        54        43        43        24        47
  658:         42        55        44        43        47        43        51
  665:         49        38        54        46        49        43        38
  672:         56        42        46        39        40        38        38
  679:         43        37        50        37        34        37        45
  686:         44        54        43        41        28        36        34
  693:         48        35        40        42        43        42        36
  700:         37        44        43        46        33        50        44
  707:         28        39        45        38        32        37        25
  714:         33        39        42        36        36        42        32
  721:         38        37        47        34        38        40        49
  728:         38        43        30        41        37        38        42
  735:         46        36        37        39        36        45        37
  742:         47        45        42        44        40        37        32
  749:         40        36        32        36        39        34        46
  756:         45        41        33        37        45        35        46
  763:         32        32        36        45        34        40        35
  770:         33        29        33        34        26        37        35
  777:         35        38        33        28        42        30        35
  784:         35        31        34        33        32        39        41
  791:         40        34        31        25        25        34        44
  798:         40        33        36        39        32        27        35
  805:         27        30        38        36        34        38        48
  812:         29        25        34        35        34        40        46
  819:         37        26        42        36        35        35        30
  826:         27        38        29        35        38        39        43
  833:         35        33        44        36        43        32        36
  840:         30        37        38        41        34        32        42
  847:         22        31        30        35        38        46        46
  854:         45        45        41        35        35        42        41
  861:         42        47        41        37        56        50        40
  868:         30        38        35        37        39        33        45
  875:         38        36        55        45        38        33        28
  882:         32        31        29        37        25        36        32
  889:         44        41        38        29        51        53        38
  896:         40        51        38        52        40        25        43
  903:         43        35        34        29        31        50        38
  910:         39        43        31        38        45        30        34
  917:         29        37        41        42        49        27        35
  924:         30        38        39        35        39        43        34
  931:         34        48        40        37        42        45        39
  938:         39        43        35        40        40        36        36
  945:         39        36        42        33        36        44        31
  952:         46        32        34        41        34        29        33
  959:         20        31        38        45        26        29        36
  966:         44        20        38        27        36        24        36
  973:         20        27        35        30        28        29        27
  980:         22        27        26        16        37        23        19
  987:         27        27        26        21        22         0         0
  994:          0         0         0         0         0         0         0
 1001:          0         0         0         0         0         0         0
 1008:          0         0         0         0         0         0         0
 1015:          0         0         0         0         0         0         0
 1022:          0         0