
Maestro spectrum printed on 2/18/2022 at 4:03:47 PM
>PC60-26852 Easy-MCA-2k SN 11333505                                              
    0:          0         0         0         0         0         0         0
    7:          0         0         0         0         0         0         0
   14:          0         0         0         0         0         1         0
   21:         28      8419     14110     17098     17092     13945      8933
   28:       4335      1725       646       314       211       152       165
   35:        144       148       158       155       167       164       174
   42:        170       187       184       230       229       306       770
   49:       2082      5074      9431     13823     16562     15965     13166
   56:       8220      4182      1682       639       319       236       239
   63:        219       188       206       219       212       241       228
   70:        215       221       253       266       237       263       265
   77:        279       286       283       336       310       290       339
   84:        326       303       365       366       401       406       436
   91:        409       419       438       485       443       519       479
   98:        472       490       537       528       570       577       566
  105:        572       644       641       610       649       705       675
  112:        683       734       709       787       704       728       775
  119:        770       757       766       743       724       750       826
  126:        802       798       786       832       797       843       832
  133:        816       777       781       845       782       841       849
  140:        799       787       854       853       837       787       789
  147:        821       822       807       856       789       810       767
  154:        856       806       803       856       795       816       794
  161:        770       775       786       743       780       737       764
  168:        775       788       781       782       800       763       755
  175:        693       762       795       728       769       762       770
  182:        802       761       747       704       768       757       739
  189:        722       714       709       775       698       707       721
  196:        678       732       682       695       663       721       663
  203:        700       677       690       685       660       674       632
  210:        651       674       660       616       615       622       575
  217:        619       613       644       596       570       592       638
  224:        578       588       568       589       599       581       552
  231:        521       525       571       536       574       533       576
  238:        523       540       544       566       494       554       525
  245:        515       539       555       486       521       499       497
  252:        520       513       496       491       505       517       494
  259:        506       501       499       474       503       506       488
  266:        507       513       471       482       471       495       507
  273:        486       449       506       490       451       473       490
  280:        442       452       495       465       452       446       470
  287:        424       449       436       438       443       409       375
  294:        461       437       374       421       387       436       404
  301:        385       405       388       367       406       346       334
  308:        399       353       354       304       352       323       343
  315:        345       352       375       360       317       333       330
  322:        334       332       320       323       311       314       326
  329:        337       290       310       347       293       322       290
  336:        308       295       312       306       276       309       287
  343:        286       299       313       287       303       292       289
  350:        265       292       271       274       325       312       325
  357:        289       304       259       282       263       282       267
  364:        280       283       237       264       245       283       250
  371:        271       239       244       253       242       256       242
  378:        235       249       222       235       227       213       199
  385:        235       227       200       178       202       231       220
  392:        232       201       203       229       194       176       184
  399:        169       191       199       200       192       185       185
  406:        195       172       197       167       195       181       191
  413:        176       164       188       165       157       143       166
  420:        148       162       169       182       147       155       157
  427:        168       161       138       156       153       159       166
  434:        151       127       165       143       164       159       143
  441:        162       150       144       160       115       160       125
  448:        142       141       149       138       141       143       121
  455:        124       127       130       135       122       135       133
  462:        120       117       113       119       116       120       118
  469:        112       100       128       108       116       133       119
  476:        108       113       117       121       109       105       109
  483:        105       118       110       107       106       112       110
  490:        110       105        98        95       102       123       111
  497:        130       114       103       106        99       118       113
  504:         97       113        94       102       110       113        96
  511:        104        91       105        99        98        88        84
  518:         95       104       107        95        94        96        85
  525:         92       103       114       106        95        94        99
  532:         84        87        90       100        79        79        72
  539:         84        82        93        89        96        80        97
  546:         67        73        78        88        66        74        66
  553:         59        54        58        72        77        91        73
  560:         73        73        65        72        73        65        83
  567:         66        62        56        54        77        68        53
  574:         75        69        82        54        81        61        66
  581:         58        72        59        59        71        67        53
  588:         67        53        53        68        59        58        50
  595:         55        62        49        63        68        56        55
  602:         58        64        68        60        57        71        62
  609:         66        59        61        52        50        62        59
  616:         57        51        63        46        51        59        56
  623:         66        60        55        62        53        51        51
  630:         55        58        58        50        59        66        51
  637:         55        51        49        62        78        52        46
  644:         50        54        47        48        50        48        38
  651:         61        51        43        61        44        44        41
  658:         46        59        45        39        38        43        44
  665:         46        50        48        44        40        45        43
  672:         43        59        35        44        50        45        46
  679:         43        50        44        45        48        44        49
  686:         38        47        46        46        44        46        51
  693:         46        44        53        36        47        51        45
  700:         42        40        40        49        53        55        50
  707:         40        43        40        46        38        31        33
  714:         38        51        46        29        29        51        37
  721:         43        37        43        50        40        38        35
  728:         52        38        36        37        33        35        39
  735:         43        51        31        41        43        33        37
  742:         39        44        39        49        51        43        38
  749:         39        39        32        37        43        36        36
  756:         40        50        38        41        35        36        33
  763:         40        40        28        37        49        41        26
  770:         35        39        37        36        43        31        32
  777:         30        40        50        39        34        45        36
  784:         40        41        40        30        29        50        28
  791:         39        27        37        40        34        45        40
  798:         35        39        42        36        36        37        42
  805:         28        48        35        39        48        42        51
  812:         39        40        40        39        46        42        36
  819:         47        36        42        41        40        40        40
  826:         44        37        49        53        44        44        29
  833:         37        46        29        48        32        41        43
  840:         51        43        38        42        48        46        33
  847:         42        46        50        33        44        40        52
  854:         34        34        48        44        47        52        39
  861:         54        40        39        41        33        48        55
  868:         37        45        53        52        32        49        41
  875:         40        50        44        51        54        43        44
  882:         45        38        54        58        37        54        43
  889:         42        44        47        39        49        50        42
  896:         54        49        43        43        59        67        55
  903:         53        57        48        35        47        37        39
  910:         45        47        59        50        56        43        48
  917:         52        34        40        52        47        49        56
  924:         47        43        53        47        47        58        56
  931:         47        61        51        50        57        45        46
  938:         65        69        45        41        70        58        46
  945:         44        48        65        54        46        50        59
  952:         60        54        50        57        47        45        57
  959:         43        44        33        42        44        39        50
  966:         52        40        36        54        31        54        37
  973:         45        23        34        41        33        29        48
  980:         39        35        37        42        34        30        36
  987:         30        31        36        29        38         5         0
  994:          0         0         0         0         0         0         0
 1001:          0         0         0         0         0         0         0
 1008:          0         0         0         0         0         0         0
 1015:          0         0         0         0         0         0         0
 1022:          0         0