
Maestro spectrum printed on 2/13/2022 at 11:20:14 AM
>PC60-26852 Easy-MCA-2k SN 11333505                                              
    0:          0         0         0         0         0         0         0
    7:          0         0         0         0         0         0         0
   14:          0         0         0         0         0         0         1
   21:         41     15190     12123      7000      4211      2424      1309
   28:        692       485       344       248       222       213       207
   35:        213       210       186       229       217       214       222
   42:        217       241       216       221       231       226       253
   49:        231       221       215       230       233       231       242
   56:        261       239       255       221       271       286       251
   63:        276       242       320       278       280       294       309
   70:        317       349       348       305       355       351       393
   77:        395       403       458       437       443       442       492
   84:        457       490       519       534       512       561       529
   91:        590       619       652       628       659       697       663
   98:        724       680       771       779       765       835       798
  105:        831       844       863       875       860       907       881
  112:        866       904       890       956       921      1012      1014
  119:        962       920      1005       949       987      1018       934
  126:        882       930       975       958       967       963       910
  133:       1008       987       929       969      1025       950      1019
  140:        928       993      1010       967       951       927       948
  147:        961       946       960      1009       969       927       953
  154:        962       893       937       949       881       902       934
  161:        876       940       879       914       925       922       874
  168:        915       934       931       922       857       870       887
  175:        886       913       896       878       875       926       835
  182:        860       873       861       882       855       871       867
  189:        831       838       817       825       815       784       847
  196:        802       793       827       788       827       798       750
  203:        774       807       750       825       759       744       762
  210:        769       795       727       690       756       716       723
  217:        725       738       727       717       714       693       677
  224:        632       712       692       689       684       639       693
  231:        646       666       653       675       660       601       630
  238:        643       612       656       650       613       588       592
  245:        638       611       595       591       619       592       613
  252:        614       548       564       539       566       582       573
  259:        518       582       594       559       548       545       550
  266:        502       561       541       518       523       520       536
  273:        476       534       511       501       527       479       497
  280:        464       477       446       451       492       487       504
  287:        450       475       437       435       432       452       450
  294:        464       428       437       418       422       402       411
  301:        440       378       399       428       407       409       387
  308:        411       395       389       368       384       410       333
  315:        362       364       380       380       393       362       378
  322:        357       353       369       347       358       333       351
  329:        382       329       340       349       377       340       335
  336:        340       322       340       360       347       331       331
  343:        345       325       289       332       335       313       310
  350:        295       299       322       318       322       291       279
  357:        277       312       302       294       283       312       305
  364:        272       304       317       299       275       309       265
  371:        279       291       300       303       270       289       318
  378:        316       295       311       285       310       352       274
  385:        336       311       297       306       329       314       311
  392:        318       346       341       333       377       332       329
  399:        379       327       310       357       344       316       329
  406:        370       351       353       356       349       362       390
  413:        377       366       373       354       361       379       365
  420:        360       380       397       355       348       376       372
  427:        358       359       380       350       348       317       348
  434:        347       341       326       306       330       305       311
  441:        325       316       292       290       265       279       296
  448:        286       262       286       249       278       258       249
  455:        251       216       251       216       221       207       237
  462:        207       218       199       216       161       175       197
  469:        179       185       204       149       195       152       165
  476:        157       153       173       144       165       134       150
  483:        138       126       148       127       122       120       126
  490:        125       140       131       109       116       133       113
  497:        111       125       110       126       114        97       102
  504:         90       103       115        92       111        98       102
  511:         87        89       105        97        91        98        95
  518:         98        80        79        70        92        82        93
  525:         83        77        78        80        67        83        79
  532:         70        63        77        69        69        77        79
  539:         86        81        70        55        67        77        59
  546:         67        71        93        84        70        84        69
  553:         71        76        67        66        55        62        51
  560:         64        66        65        50        71        70        67
  567:         58        73        58        57        47        50        58
  574:         69        69        59        54        56        52        55
  581:         48        69        52        63        58        52        43
  588:         46        50        48        59        51        59        48
  595:         48        50        54        64        48        52        58
  602:         54        45        50        54        47        52        54
  609:         36        40        57        46        51        57        40
  616:         57        68        39        44        48        49        45
  623:         43        31        51        49        44        40        60
  630:         44        28        51        38        50        47        47
  637:         43        42        61        44        35        44        47
  644:         54        40        50        45        42        50        45
  651:         40        42        39        43        29        47        44
  658:         54        44        44        37        48        36        46
  665:         38        38        41        32        38        41        50
  672:         48        37        39        44        47        38        41
  679:         44        35        50        47        51        38        39
  686:         35        41        36        36        40        39        33
  693:         31        41        44        39        37        41        49
  700:         46        36        50        37        44        43        40
  707:         33        31        36        28        39        37        43
  714:         44        45        35        42        36        38        39
  721:         40        37        43        31        33        48        23
  728:         22        44        24        35        34        39        38
  735:         36        32        26        44        34        33        38
  742:         33        32        43        32        29        31        35
  749:         33        34        36        28        23        42        35
  756:         34        29        38        38        29        33        37
  763:         41        34        33        37        40        36        34
  770:         49        38        39        32        43        33        46
  777:         34        28        38        41        41        41        32
  784:         42        49        52        31        63        41        50
  791:         41        50        37        33        43        42        44
  798:         50        47        38        39        45        38        31
  805:         39        38        36        31        46        36        37
  812:         50        43        30        44        40        41        47
  819:         41        33        39        35        40        38        48
  826:         38        44        33        35        41        38        38
  833:         47        42        36        42        44        39        45
  840:         34        31        24        45        37        34        29
  847:         53        39        35        41        39        43        35
  854:         33        32        33        37        31        40        30
  861:         27        39        43        41        24        38        33
  868:         38        36        36        32        36        41        33
  875:         39        33        32        36        36        41        34
  882:         39        27        32        34        42        49        31
  889:         35        34        39        41        32        31        25
  896:         39        36        31        30        36        29        37
  903:         38        38        27        31        26        31        34
  910:         32        35        28        29        26        28        21
  917:         34        29        23        21        29        17        23
  924:         26        27        26        29        21        15        24
  931:         13        13        25        25        27        32        24
  938:         26        18        14        16        20        16        23
  945:         27        16        12        19        18        18        14
  952:         12        16        19        16        21        21        25
  959:         17        24        17        19        21        14         9
  966:         16        17        14        17        22        21        17
  973:         25        16        19        10        11        13        26
  980:         19        27        19        16        15        18        21
  987:         16        18         5        22        16         1         0
  994:          0         0         0         0         0         0         0
 1001:          0         0         0         0         0         0         0
 1008:          0         0         0         0         0         0         0
 1015:          0         0         0         0         0         0         0
 1022:          0         0