
Maestro spectrum printed on 2/12/2022 at 4:38:56 PM
>PC60-26852 Easy-MCA-2k SN 11333505                                              
    0:          0         0         0         0         0         0         0
    7:          0         0         0         0         0         0         0
   14:          0         0         0         0         0         0         1
   21:         35      2636      2091      1229       855       581       381
   28:        290       230       190       183       192       161       170
   35:        194       195       182       186       247       208       233
   42:        212       220       234       224       255       235       240
   49:        212       244       241       238       227       225       231
   56:        234       225       245       228       270       256       253
   63:        245       272       280       264       271       302       331
   70:        302       322       301       353       347       361       381
   77:        405       442       405       441       407       446       496
   84:        481       506       505       512       551       568       519
   91:        563       596       625       711       663       691       728
   98:        754       763       723       834       760       847       830
  105:        882       843       878       861       827       848       918
  112:        951       958       934       946       930       946      1003
  119:        931       958       977       960       985       977       964
  126:        926      1000       991       947       975       942       902
  133:        905      1038       907       944       976       939       932
  140:        942       917      1013       956       923       937      1015
  147:        946       936       920       939       891       989       905
  154:        923       902       903       924       949       918       922
  161:        945       953       893       934       926       846       933
  168:        872       888       935       938       917       891       841
  175:        937       918       868       918       918       870       869
  182:        875       876       916       796       849       898       842
  189:        842       841       811       859       776       882       837
  196:        790       805       826       790       811       831       824
  203:        808       795       789       769       741       764       738
  210:        737       701       734       729       679       761       724
  217:        744       702       707       684       726       698       690
  224:        683       677       719       679       684       659       665
  231:        680       660       680       625       665       646       647
  238:        642       619       619       585       623       604       602
  245:        588       630       613       611       591       585       541
  252:        563       566       552       606       567       600       615
  259:        535       596       509       576       572       519       535
  266:        597       554       545       560       549       514       528
  273:        524       512       505       493       467       482       509
  280:        444       503       472       491       450       445       458
  287:        425       431       460       444       429       456       484
  294:        417       427       390       399       381       382       414
  301:        389       406       380       383       365       403       379
  308:        419       359       380       364       389       359       372
  315:        375       365       353       356       357       376       357
  322:        351       400       352       360       355       312       351
  329:        343       321       361       365       356       360       346
  336:        317       360       354       321       304       324       327
  343:        298       327       317       301       327       278       290
  350:        310       310       275       286       275       279       313
  357:        285       286       272       264       288       304       257
  364:        276       248       264       256       283       270       254
  371:        267       239       259       294       241       232       264
  378:        234       283       260       241       249       262       247
  385:        226       265       251       239       254       240       265
  392:        254       257       276       282       232       247       283
  399:        274       275       272       257       294       290       264
  406:        310       306       278       267       279       303       318
  413:        283       303       293       305       316       302       317
  420:        289       303       316       303       330       338       323
  427:        336       362       314       357       341       354       349
  434:        339       317       328       343       348       340       323
  441:        355       352       356       367       336       309       340
  448:        313       332       311       340       302       324       286
  455:        349       311       316       283       305       308       299
  462:        303       295       298       315       283       301       277
  469:        255       262       274       295       251       240       223
  476:        244       220       201       234       225       209       196
  483:        224       173       200       207       204       212       167
  490:        193       171       179       146       130       173       138
  497:        137       159       139       160       143       119       128
  504:        141       116       129       130       108       128       102
  511:        111       104       105        88       108       105        86
  518:        115        84       101        98        80        92        92
  525:         94        96        88        84        86        86        78
  532:         89        93        76        86        90        79        87
  539:         86        88        92        80        72        84        65
  546:         74        75        55        71        72        79        66
  553:         65        75        67        63        68        55        45
  560:         65        71        56        76        61        64        68
  567:         59        52        60        55        58        57        46
  574:         67        73        53        59        69        48        63
  581:         54        50        61        68        64        51        53
  588:         52        61        52        48        60        48        59
  595:         44        37        59        47        42        46        50
  602:         54        57        53        51        54        57        63
  609:         38        46        40        39        55        32        59
  616:         45        42        40        49        40        69        53
  623:         52        49        40        50        38        42        50
  630:         41        36        37        39        39        52        41
  637:         35        56        43        30        43        51        39
  644:         40        52        52        53        47        43        32
  651:         57        39        43        42        47        35        39
  658:         46        31        41        29        40        42        44
  665:         50        38        38        36        47        39        39
  672:         33        38        40        45        31        39        46
  679:         39        39        38        26        42        43        37
  686:         36        42        31        38        39        32        54
  693:         30        48        27        43        40        43        33
  700:         45        35        38        40        43        36        36
  707:         43        34        43        43        29        37        38
  714:         33        31        33        26        42        42        36
  721:         44        36        35        30        33        35        38
  728:         36        32        28        46        35        44        42
  735:         43        31        24        37        38        22        33
  742:         31        28        44        29        34        28        32
  749:         38        28        28        29        29        24        28
  756:         21        37        23        33        32        31        37
  763:         39        35        37        31        36        31        36
  770:         35        29        45        30        40        43        36
  777:         19        38        39        33        44        28        25
  784:         31        34        40        27        26        46        32
  791:         36        28        36        35        45        38        42
  798:         34        48        31        35        23        41        41
  805:         43        39        47        42        29        33        32
  812:         46        36        37        35        35        40        34
  819:         41        43        36        36        39        32        35
  826:         32        29        44        31        37        48        39
  833:         27        33        32        42        35        26        25
  840:         32        32        46        32        32        31        44
  847:         31        29        44        40        36        34        26
  854:         17        32        33        37        36        31        33
  861:         25        28        31        36        37        32        30
  868:         36        27        38        30        35        37        27
  875:         29        22        35        29        29        27        31
  882:         25        19        37        30        39        25        28
  889:         36        39        32        38        32        25        22
  896:         25        18        26        29        27        28        21
  903:         25        20        27        23        35        34        29
  910:         28        24        23        13        22        21        25
  917:         39        23        18        25        27        22        24
  924:         15        19        24        21        17        24        16
  931:         20        14        20        22        21        16        20
  938:         14        11        17        23        22        20        17
  945:         21        17        20        25        14        23        18
  952:         13        17        16        15        13        19         9
  959:         24        21        16        16        17        19        16
  966:         19        26        18        19        16        21        14
  973:         17        16        16        15        13         9        16
  980:         10        16         8        18        19        16        14
  987:         23         8        13        22        13         0         0
  994:          0         0         0         0         0         0         0
 1001:          0         0         0         0         0         0         0
 1008:          0         0         0         0         0         0         0
 1015:          0         0         0         0         0         0         0
 1022:          0         0