
Maestro spectrum printed on 2/2/2022 at 4:35:00 PM
>PC60-26852 Easy-MCA-2k SN 11333505                                              
    0:          0         0         0         0         0         0         0
    7:          0         0         0         0         0         0         0
   14:          0         0         0         0         0         0         0
   21:         24      2244      5355      8650      9420      6453      2866
   28:       1039       473       295       189       147       132       144
   35:        148       155       155       181       143       129       174
   42:        156       165       173       180       194       190       217
   49:        210       388       989      3125      7109      9816      8381
   56:       4624      1709       619       337       260       222       203
   63:        187       189       169       170       191       212       183
   70:        186       222       226       191       229       222       233
   77:        253       244       279       260       251       276       283
   84:        316       280       348       286       312       319       330
   91:        335       323       377       344       345       388       393
   98:        401       412       428       414       405       453       463
  105:        437       449       504       495       504       472       500
  112:        508       491       533       496       476       581       509
  119:        526       576       509       521       518       515       514
  126:        530       522       486       498       514       502       504
  133:        525       525       457       508       526       483       494
  140:        512       506       478       490       483       505       448
  147:        500       521       474       532       515       494       475
  154:        521       487       509       533       498       473       519
  161:        487       497       508       512       482       523       441
  168:        534       488       484       462       507       492       477
  175:        521       491       432       481       505       478       459
  182:        420       437       478       462       470       468       456
  189:        461       416       441       451       440       472       442
  196:        431       443       469       398       405       418       431
  203:        423       425       393       423       436       420       424
  210:        419       402       380       384       414       370       396
  217:        388       384       385       408       378       389       370
  224:        399       388       391       391       360       378       362
  231:        337       345       354       371       378       375       378
  238:        366       371       361       355       400       382       345
  245:        355       342       353       329       361       370       321
  252:        374       384       379       390       405       339       373
  259:        398       376       407       362       396       388       389
  266:        390       344       332       353       361       346       355
  273:        362       332       311       352       335       332       307
  280:        331       319       317       308       345       315       339
  287:        314       295       310       296       314       310       290
  294:        305       325       289       281       304       255       279
  301:        297       281       281       271       277       286       267
  308:        279       266       254       267       257       255       259
  315:        233       272       237       258       271       226       242
  322:        245       281       264       219       256       224       223
  329:        245       246       232       217       231       239       214
  336:        229       215       246       223       246       243       219
  343:        239       238       219       229       188       256       206
  350:        182       206       234       230       226       186       176
  357:        200       204       188       211       196       171       201
  364:        187       185       191       191       209       183       198
  371:        201       194       183       193       157       196       196
  378:        170       166       181       176       167       141       190
  385:        165       185       183       141       169       174       184
  392:        190       155       153       163       146       181       160
  399:        173       158       136       146       173       161       155
  406:        133       167       167       151       147       157       155
  413:        144       156       147       154       174       148       166
  420:        161       148       141       151       123       145       135
  427:        145       144       146       143       142       152       127
  434:        124       125       142       142       136       140       130
  441:        144       154       156       118       160       127       147
  448:        156       135       134       157       125       125       132
  455:        154       150       165       135       146       139       134
  462:        143       147       121       149       117       127       119
  469:        135       151       143       124       163       138       134
  476:        142       151       163       166       145       113       124
  483:        136       124       122       134       132       133       140
  490:        118       131       117       141       131       129       136
  497:        132       127       141       110       123       123       125
  504:         98       136       125       126       102       118       107
  511:        118       111       120       148       119       130       107
  518:        122        96       102       133       121       126       117
  525:        108       112       133       120       114       115       108
  532:         99       105       116       128        91       106       123
  539:         93       107       111       116        99       112        88
  546:        101        98        97       112       102       100       107
  553:        130       104       108        97       101       108        98
  560:        107        93       107        89        93        99       101
  567:        100       101        98        89       102       116        89
  574:         86       110        91        82        83        86        89
  581:         89        69        91        84        89        78        79
  588:         80        78        98        75        70        81        70
  595:         94        73        72        76        62        73        82
  602:         91        78        75        91        74        75        72
  609:         68        71        79        62        65        78        63
  616:         64        81        73        72        59        67        74
  623:         78        82        60        62        75        48        77
  630:         68        72        61        73        61        57        60
  637:         66        61        68        78        56        73        72
  644:         52        49        66        48        64        51        52
  651:         55        59        46        62        63        52        58
  658:         76        54        51        53        55        54        54
  665:         54        50        42        43        44        72        61
  672:         53        57        45        52        52        45        52
  679:         60        51        55        57        59        51        50
  686:         44        67        60        53        58        57        52
  693:         47        47        57        62        52        61        50
  700:         51        44        42        43        56        45        60
  707:         54        51        49        56        50        66        51
  714:         51        55        47        46        60        51        59
  721:         51        49        52        58        51        52        40
  728:         54        56        51        69        47        62        61
  735:         52        57        66        55        63        51        49
  742:         72        52        54        58        81        67        65
  749:         62        83        59        74        70        74        79
  756:         82        71        76        98        84        93        92
  763:         90        87       110       109        92        82       102
  770:         85       105       106       108       120       107       125
  777:         96       134       119       113       130       121       144
  784:        141       127       160       146       133       126       131
  791:        142       180       150       161       188       170       181
  798:        181       164       209       186       196       172       224
  805:        169       196       200       197       223       211       202
  812:        221       223       238       218       229       210       215
  819:        244       250       235       240       235       234       236
  826:        227       244       229       256       245       234       262
  833:        256       273       272       275       291       251       271
  840:        282       231       252       266       247       263       243
  847:        247       263       247       264       247       248       250
  854:        257       270       267       220       236       226       226
  861:        240       213       210       215       213       225       221
  868:        241       187       218       216       233       160       162
  875:        167       190       197       178       198       159       167
  882:        152       180       174       171       151       152       142
  889:        143       125       120       128       113       111        96
  896:        105       131       114       107       103        91        95
  903:         79       100        73        78        63        76        77
  910:         67        81        59        68        60        68        58
  917:         57        60        43        40        52        54        43
  924:         50        48        43        41        28        32        32
  931:         34        27        29        25        31        23        19
  938:         25        20        23        31        19        21        15
  945:         23        18        18        16         9        16        16
  952:         19        10        20        12        10        12        13
  959:          7        13        14        12         4         8         9
  966:          6        11         6        13         8         9        12
  973:         12         9        10        12        10         3        10
  980:         11         6         6         9         5         4         6
  987:          8         8         7        11         9         1         0
  994:          0         0         0         0         0         0         1
 1001:          0         0         0         0         0         0         0
 1008:          0         0         0         0         0         0         0
 1015:          0         0         0         0         0         0         0
 1022:          0         0