
Maestro spectrum printed on 2/9/2022 at 3:50:37 PM
>PC60-26852 Easy-MCA-2k SN 11333505                                              
    0:          0         0         0         0         0         0         0
    7:          0         0         0         0         0         0         0
   14:          0         0         0         0         0         0         0
   21:         29      2702      2138      1195       728       495       362
   28:        306       199       185       174       162       154       174
   35:        168       190       169       189       186       194       200
   42:        184       184       203       190       192       200       200
   49:        210       185       189       200       203       198       189
   56:        205       213       221       241       211       228       207
   63:        238       218       238       258       268       263       248
   70:        274       240       305       281       333       311       335
   77:        323       330       354       358       375       347       355
   84:        438       437       414       437       523       450       488
   91:        505       520       504       477       554       572       599
   98:        533       585       588       687       704       671       682
  105:        656       700       733       701       757       773       706
  112:        779       796       811       824       817       794       810
  119:        820       794       799       811       815       817       785
  126:        790       773       817       807       795       785       814
  133:        756       804       768       727       767       800       748
  140:        806       742       743       775       778       746       710
  147:        756       750       802       744       735       735       741
  154:        730       728       702       733       752       761       699
  161:        712       756       672       742       797       762       710
  168:        742       689       707       701       764       739       737
  175:        687       674       701       648       708       641       677
  182:        714       691       647       689       661       644       668
  189:        699       602       665       659       599       649       637
  196:        608       606       606       609       659       638       598
  203:        595       586       623       578       554       593       599
  210:        526       551       588       608       563       552       552
  217:        574       588       575       557       588       548       573
  224:        564       540       582       545       534       569       547
  231:        508       552       565       529       546       506       468
  238:        509       497       513       525       503       506       463
  245:        531       473       512       520       493       501       514
  252:        472       485       470       473       523       458       438
  259:        479       486       458       468       491       439       456
  266:        453       476       461       430       428       435       444
  273:        476       483       424       414       406       393       383
  280:        415       396       379       407       371       375       379
  287:        366       390       397       363       363       352       379
  294:        324       322       341       356       341       325       336
  301:        288       348       330       322       324       310       292
  308:        297       329       306       335       337       292       303
  315:        348       290       267       319       286       325       272
  322:        287       291       279       294       314       276       269
  329:        301       292       300       295       307       291       260
  336:        273       258       284       278       255       282       253
  343:        237       260       242       280       259       278       231
  350:        244       214       246       229       236       222       241
  357:        204       221       222       216       218       221       212
  364:        193       199       219       206       212       203       191
  371:        209       209       200       169       188       192       198
  378:        195       194       210       211       160       184       190
  385:        190       177       194       196       181       156       186
  392:        181       174       180       180       185       145       210
  399:        166       162       158       158       177       185       160
  406:        173       185       174       155       153       170       179
  413:        155       151       149       166       157       138       146
  420:        148       139       145       138       154       152       143
  427:        125       151       144       129       162       135       129
  434:        153       149       134       150       152       130       130
  441:        131       134       137       148       123       151       142
  448:        127       138       135       148       141       126       141
  455:        151       135       146       134       140       127       142
  462:        141       120       112       120       129       134       130
  469:        146       138       119       107       145       106       148
  476:        131       135       146       116       109       119       138
  483:        117       123       113       158       132       146       109
  490:        143       125       111       124       120       116       113
  497:        119       132       130       121       128       124       123
  504:        115       120       122       118       102       115        96
  511:        122       127       113       114       116       122       141
  518:        129       122       145       131       134       128       116
  525:        125       131       134       135       157       161       118
  532:        165       139       147       148       147       160       165
  539:        179       166       166       167       158       162       176
  546:        192       167       190       188       178       192       207
  553:        198       191       184       192       174       171       209
  560:        221       180       240       205       205       207       248
  567:        208       227       235       214       245       220       202
  574:        219       233       229       208       244       233       219
  581:        240       214       219       244       245       213       228
  588:        199       232       221       201       217       214       205
  595:        210       223       227       221       198       214       194
  602:        208       193       203       183       194       205       199
  609:        162       186       206       175       169       185       160
  616:        183       160       160       175       160       189       159
  623:        167       147       124       142       144       154       154
  630:        124       144       127       127       105       148       118
  637:        103       121       129       114       111        86       112
  644:         93        99       102       105        82        94        92
  651:         92        72        81        76        95        95        91
  658:         79        67        73        63        83        76        59
  665:         59        72        67        62        52        62        62
  672:         65        52        50        51        63        56        37
  679:         69        43        46        36        46        43        44
  686:         40        47        35        34        52        45        45
  693:         41        45        40        43        41        45        44
  700:         40        36        39        31        34        34        26
  707:         28        29        31        27        34        30        41
  714:         28        32        22        42        38        38        29
  721:         35        18        34        29        31        32        34
  728:         34        17        25        36        27        30        29
  735:         25        31        31        28        23        22        31
  742:         16        22        21        27        35        26        40
  749:         31        32        29        28        19        28        22
  756:         32        31        26        28        23        26        22
  763:         24        37        26        22        22        30        26
  770:         30        25        22        23        39        30        39
  777:         23        23        31        32        35        25        24
  784:         23        28        26        20        28        28        22
  791:         26        25        20        18        23        24        42
  798:         23        28        29        22        20        25        19
  805:         26        28        23        22        29        23        24
  812:         21        28        29        17        29        31        27
  819:         26        33        29        24        28        30        28
  826:         31        20        30        18        33        27        30
  833:         28        18        31        19        19        20        28
  840:         22        19        20        25        32        14        18
  847:         20        17        25        24        16        21        26
  854:         23        18        16        17        29         6        25
  861:         25        30        20        18        23        17        22
  868:         20         9        14        20        14        14         8
  875:         19        15        17        17        15        20        14
  882:         11        19        14        14        14        25        15
  889:         14        17        17        16        21        18        11
  896:         17        15        13        15        14        17        17
  903:         17        13        12         8        18        14        15
  910:         10        10        15        11        16        18        16
  917:         26        21         7        11        16        13        12
  924:         14        13        16        13        11        12         7
  931:         12        17        13        14        10        15        11
  938:         17        14         9        11        13        18        11
  945:         15        16        16        16        16         5         6
  952:         12        13        11        16        14        14         9
  959:         17        14         6        14        17        10         9
  966:         13        13        11         8        12        10        13
  973:         14        12        16        16        13        16        12
  980:         20        14        12        15         9        13        19
  987:         12        15        14        16        10         1         0
  994:          0         0         0         0         0         0         0
 1001:          0         0         0         0         0         0         0
 1008:          0         0         0         0         0         0         0
 1015:          0         0         0         0         0         0         0
 1022:          0         0