
Maestro spectrum printed on 2/7/2022 at 4:20:03 PM
>PC60-26852 Easy-MCA-2k SN 11333505                                              
    0:          0         0         0         0         0         0         0
    7:          0         0         0         0         0         0         0
   14:          0         0         0         0         0         0         0
   21:         20       469       467       313       249       204       212
   28:        179       173       159       159       156       132       147
   35:        177       188       158       187       196       176       213
   42:        202       226       219       197       216       204       224
   49:        226       214       196       211       187       193       213
   56:        186       220       217       224       222       231       213
   63:        247       229       233       253       243       247       255
   70:        293       277       335       319       297       304       351
   77:        319       331       347       365       395       417       420
   84:        391       430       440       461       429       451       544
   91:        510       479       511       529       555       584       576
   98:        592       571       598       607       681       676       678
  105:        706       739       754       763       781       794       858
  112:        703       821       771       814       833       857       828
  119:        854       847       836       815       828       808       800
  126:        746       820       788       821       842       787       839
  133:        727       798       831       770       773       779       745
  140:        817       831       768       767       779       770       763
  147:        805       792       792       766       734       748       749
  154:        791       780       771       767       717       763       777
  161:        722       777       762       758       727       740       749
  168:        715       749       772       787       754       704       774
  175:        706       680       722       745       716       725       701
  182:        724       709       697       730       713       690       683
  189:        709       694       704       670       689       703       698
  196:        623       649       626       664       647       663       632
  203:        631       615       592       625       621       634       574
  210:        609       602       590       613       584       639       586
  217:        587       600       557       582       550       544       546
  224:        590       560       557       548       542       534       504
  231:        524       517       577       565       557       563       513
  238:        510       505       515       526       512       565       526
  245:        559       539       520       492       486       494       536
  252:        519       517       535       519       525       531       513
  259:        533       516       485       470       522       502       494
  266:        469       499       470       484       519       458       459
  273:        455       465       416       451       455       396       442
  280:        428       416       406       433       414       413       381
  287:        386       388       398       363       385       376       372
  294:        382       397       353       330       348       311       325
  301:        335       345       360       355       371       291       326
  308:        333       305       334       293       347       287       345
  315:        344       336       303       288       313       286       278
  322:        302       289       319       287       298       304       301
  329:        317       303       308       328       312       299       290
  336:        285       274       285       278       283       273       267
  343:        264       282       274       227       284       251       260
  350:        267       276       263       244       264       235       278
  357:        240       222       224       234       231       232       224
  364:        220       224       245       224       230       217       247
  371:        231       222       203       202       229       240       214
  378:        226       205       240       206       210       186       217
  385:        232       205       199       159       199       187       193
  392:        217       177       208       204       196       169       183
  399:        175       198       193       174       194       173       175
  406:        190       175       183       170       182       187       183
  413:        168       163       176       178       151       152       162
  420:        192       170       169       182       155       157       149
  427:        176       165       144       142       151       143       155
  434:        130       142       136       126       156       139       140
  441:        153       148       177       128       142       149       160
  448:        135       134       149       146       143       142       137
  455:        134       152       138       127       135       125       139
  462:        156       145       135       139       134       130       163
  469:        134       135       145       125       122       144       139
  476:        144       144       144       154       138       141       136
  483:        116       122       121       121       118       132       125
  490:        116       133       132        97       117       136       111
  497:        103        95       118       111       112       124       101
  504:        112       125       112       112       111       108        95
  511:        112       113       104        92       129       104       118
  518:        138        97       115       133        99       114       123
  525:        106       103       108       126       123       102       100
  532:        103       106        97       114       120       133       109
  539:        119       112       101       101       118       133       109
  546:        109       124       128       113       101       122       120
  553:        148       115       114       120       133       142       118
  560:        125       127       150       152       157       150       124
  567:        156       148       146       160       150       165       172
  574:        165       134       164       186       162       160       192
  581:        186       166       192       168       195       198       212
  588:        184       204       190       177       192       202       222
  595:        202       229       187       205       209       214       206
  602:        230       224       216       219       246       261       239
  609:        219       233       252       251       250       214       214
  616:        233       230       211       262       229       239       231
  623:        256       232       230       226       241       236       233
  630:        222       219       240       209       230       215       201
  637:        234       230       211       218       211       182       237
  644:        223       199       194       199       165       206       193
  651:        206       170       180       190       182       191       154
  658:        172       147       177       129       143       148       138
  665:        146       137       148       119       130       126       121
  672:        131       129       121       122       119       118       114
  679:        117       100       119       112       101        90        88
  686:         84        99        97        73        77        96        83
  693:         61        90        76        61        74        75        75
  700:         61        75        55        55        73        63        64
  707:         68        69        67        69        43        59        60
  714:         48        48        40        64        41        47        43
  721:         45        45        44        34        37        32        34
  728:         31        34        39        38        37        23        37
  735:         38        35        38        36        28        30        30
  742:         23        43        36        36        34        37        29
  749:         30        39        38        25        31        33        20
  756:         35        33        33        28        30        28        35
  763:         25        28        21        29        22        18        19
  770:         31        22        28        38        28        24        40
  777:         34        25        35        28        32        26        22
  784:         30        21        33        39        32        30        24
  791:         17        26        21        31        23        26        26
  798:         28        26        28        29        41        24        30
  805:         25        21        32        42        36        26        20
  812:         23        29        26        27        30        34        22
  819:         23        22        19        29        24        25        43
  826:         31        17        24        25        22        26        26
  833:         21        16        29        40        24        18        25
  840:         25        17        30        13        22        14        22
  847:         29        26        19        19        15        17        28
  854:         13        16        21        24        19        16        16
  861:         17        13        23        17        19        25        16
  868:         20        25        15        19        14        11        29
  875:         15        17        17        15        27        15        18
  882:         22        16        24        14        12        15        14
  889:         18        16        27        15         8        18        21
  896:         17        14        15        17        14        10        13
  903:         21        13        12        17        19        12        19
  910:         11         9        15        15        17        13        11
  917:         16        14        17        19        14        18        12
  924:         11        17        15        13        13        15        13
  931:         13        16        21        21        14        15        13
  938:          9        12        10        17        14        17        12
  945:         21        14        14        10        17        18        17
  952:         14        24        19         8        15        14        13
  959:         11        14         5        11        17        11        11
  966:         21        10        15         8         7        13        17
  973:         17        10        12        12        16        13        11
  980:         13        13        16        11        17         5        16
  987:          6        16        19        10        13         6         0
  994:          0         0         0         0         0         0         0
 1001:          0         0         0         0         0         0         0
 1008:          0         0         0         0         0         0         0
 1015:          0         0         0         0         0         0         0
 1022:          0         0