
Maestro spectrum printed on 2/4/2022 at 3:38:09 PM
>PC60-26852 Easy-MCA-2k SN 11333505                                              
    0:          0         0         0         0         0         0         0
    7:          0         0         0         0         0         0         0
   14:          0         0         0         0         1         2        20
   21:        320     10825      9566      6145      4226      2992      2366
   28:       2015      1813      1636      1551      1595      1555      1523
   35:       1579      1574      1655      1557      1589      1604      1645
   42:       1661      1677      1681      1566      1569      1608      1589
   49:       1662      1625      1686      1633      1697      1616      1696
   56:       1692      1687      1631      1665      1621      1695      1688
   63:       1686      1711      1688      1720      1758      1805      1740
   70:       1770      1683      1771      1864      1743      1785      1782
   77:       1736      1800      1814      1780      1842      1792      1890
   84:       1817      1882      1833      1903      1931      1882      1875
   91:       1981      1947      1917      1975      1954      1978      1946
   98:       2042      2063      1977      2079      2038      2080      2055
  105:       2156      2107      2231      2242      2193      2150      2217
  112:       2199      2256      2236      2223      2125      2256      2330
  119:       2225      2245      2217      2250      2345      2251      2292
  126:       2300      2246      2195      2314      2248      2197      2243
  133:       2289      2288      2276      2220      2283      2162      2169
  140:       2263      2244      2194      2286      2249      2262      2294
  147:       2259      2225      2189      2271      2187      2196      2231
  154:       2243      2211      2245      2191      2184      2276      2226
  161:       2142      2231      2204      2339      2222      2255      2266
  168:       2198      2297      2274      2250      2167      2286      2344
  175:       2378      2260      2273      2351      2257      2277      2278
  182:       2401      2265      2185      2283      2302      2358      2346
  189:       2309      2293      2272      2267      2318      2263      2184
  196:       2272      2281      2329      2376      2246      2322      2335
  203:       2332      2334      2298      2314      2322      2318      2356
  210:       2332      2292      2395      2422      2363      2348      2319
  217:       2350      2306      2441      2371      2356      2459      2331
  224:       2363      2348      2429      2343      2356      2259      2426
  231:       2391      2356      2463      2465      2428      2452      2462
  238:       2405      2457      2393      2551      2527      2518      2491
  245:       2596      2529      2620      2601      2695      2610      2626
  252:       2650      2836      2738      2719      2828      2746      2844
  259:       2881      2931      2913      2958      2995      2931      3063
  266:       3055      3011      2947      3081      3099      2925      3162
  273:       3156      3187      3134      3126      3208      3142      3152
  280:       3182      3110      3088      3217      3228      3126      3126
  287:       3169      3170      3071      3021      3074      3072      2976
  294:       2987      3053      2974      2965      2903      2968      2865
  301:       2854      2879      2908      2910      2859      2836      2846
  308:       2905      2800      2749      2712      2754      2703      2690
  315:       2688      2779      2672      2735      2738      2655      2637
  322:       2600      2562      2524      2554      2543      2531      2549
  329:       2447      2460      2515      2457      2461      2471      2462
  336:       2388      2394      2467      2560      2450      2410      2340
  343:       2419      2349      2250      2352      2310      2268      2320
  350:       2292      2357      2265      2294      2305      2286      2201
  357:       2275      2289      2200      2242      2195      2123      2174
  364:       2234      2281      2257      2133      2140      2084      2182
  371:       2090      2118      2250      2062      2152      2033      2058
  378:       2110      2137      2141      2112      2100      2067      1988
  385:       2086      2060      2041      2088      2076      2028      2056
  392:       1993      1994      2066      2024      2010      1978      2063
  399:       2023      2028      1984      2002      1984      1989      2065
  406:       2054      1968      1973      1958      1856      1948      2048
  413:       1924      2013      1884      1988      1917      1975      1943
  420:       1916      1880      1905      1928      1903      1880      1911
  427:       1952      1964      1912      1867      1922      1978      1869
  434:       1932      1878      1890      1958      1895      1901      1910
  441:       1861      1859      1834      1892      1873      1925      1940
  448:       1879      1923      1877      1924      1883      1839      1872
  455:       1843      1936      1888      1840      1869      1858      1879
  462:       1921      1873      1881      1908      1898      1909      1824
  469:       1879      1892      1792      1898      1808      1904      1902
  476:       1780      1944      1888      1846      1796      1900      1816
  483:       1861      1853      1798      1927      1938      1954      1827
  490:       1844      1878      1885      1896      1874      1789      1905
  497:       1868      1908      1868      1826      1828      1870      1779
  504:       1832      1847      1837      1829      1757      1926      1856
  511:       1865      1863      1911      1806      1831      1881      1794
  518:       1821      1867      1897      1850      1921      1901      1873
  525:       1738      1885      1876      1929      1822      1866      1876
  532:       1928      1907      1884      1860      1909      1934      1858
  539:       1919      1799      1919      1890      1858      1902      1894
  546:       1890      1884      1890      1859      1904      1973      1946
  553:       1917      1917      1866      2039      1936      1983      1916
  560:       1956      1904      1960      1829      1975      1929      1916
  567:       1921      1968      1903      1944      1922      1980      1955
  574:       1916      1899      1908      2026      1873      1961      1968
  581:       2008      1929      1918      1907      1906      1986      1898
  588:       1961      1924      1972      1904      1976      1841      1914
  595:       1937      1925      1972      1966      1914      1886      1938
  602:       1880      1807      1856      1919      1859      1866      1846
  609:       1804      1789      1836      1858      1710      1783      1784
  616:       1661      1745      1738      1703      1711      1702      1802
  623:       1764      1603      1673      1609      1639      1620      1607
  630:       1618      1576      1598      1578      1567      1547      1495
  637:       1483      1434      1479      1444      1354      1410      1423
  644:       1319      1425      1426      1341      1304      1318      1374
  651:       1260      1298      1247      1283      1253      1190      1173
  658:       1153      1125      1104      1099      1193      1133      1085
  665:       1032      1088      1048      1083      1023       967       977
  672:        962       937       947       990       944       926       924
  679:        900       886       836       931       788       817       870
  686:        822       871       806       846       834       803       758
  693:        775       774       751       758       714       779       761
  700:        716       745       710       731       731       682       666
  707:        660       683       710       692       721       711       637
  714:        616       683       693       708       638       641       607
  721:        650       677       617       671       641       679       683
  728:        631       602       580       635       634       618       623
  735:        624       572       602       630       620       603       594
  742:        597       644       596       653       614       607       575
  749:        595       625       621       625       626       579       636
  756:        623       606       610       629       603       575       608
  763:        619       620       601       579       641       603       608
  770:        639       642       631       624       621       583       624
  777:        607       605       641       693       645       611       693
  784:        653       622       673       665       674       690       667
  791:        672       669       663       718       689       741       750
  798:        692       715       728       785       787       793       827
  805:        807       835       805       830       906       859       912
  812:        887       958       951      1015      1027      1055      1162
  819:       1118      1165      1165      1175      1184      1300      1380
  826:       1337      1313      1487      1511      1503      1512      1643
  833:       1721      1761      1797      1909      1913      2030      2011
  840:       2210      2326      2330      2311      2482      2630      2597
  847:       2671      2921      2997      3048      3090      3217      3419
  854:       3498      3645      3738      3925      3990      4100      4227
  861:       4522      4550      4600      4866      5050      5188      5387
  868:       5370      5592      5483      5854      5907      6239      6408
  875:       6346      6692      6809      6875      7032      7413      7404
  882:       7570      7742      7893      7996      8029      8126      8367
  889:       8409      8661      8714      8557      8991      8943      8973
  896:       9001      9111      9078      9202      9204      9235      9535
  903:       9180      9298      9504      9357      9307      9202      9411
  910:       9279      9183      9147      9107      8947      8834      8703
  917:       8883      8555      8315      8246      8352      8159      8013
  924:       7806      7774      7587      7453      7424      7177      6784
  931:       6639      6576      6586      6171      6218      6161      5835
  938:       5580      5387      5271      5165      4971      4729      4628
  945:       4348      4296      4089      3998      3791      3670      3323
  952:       3304      3214      3047      2908      2779      2709      2431
  959:       2462      2356      2189      2080      1982      1778      1804
  966:       1653      1514      1482      1429      1312      1292      1162
  973:       1141       992       988       874       850       789       798
  980:        649       645       598       585       546       495       445
  987:        392       450       392       335       305        79        14
  994:         20        13        10         6        10         7         4
 1001:          2         3         4         4         4         2         4
 1008:          0         0         0         0         0         0         0
 1015:          0         0         0         0         0         0         0
 1022:          0         0