
Maestro spectrum printed on 2/7/2022 at 3:32:03 PM
>PC60-26852 Easy-MCA-2k SN 11333505                                              
    0:          0         0         0         0         0         0         0
    7:          0         0         0         0         0         0         0
   14:          0         0         0         0         0         0         0
   21:         23       529       515       353       274       231       214
   28:        205       177       188       152       154       165       173
   35:        185       186       193       195       207       231       218
   42:        216       236       244       230       241       243       215
   49:        252       224       214       221       206       269       273
   56:        222       252       237       231       244       268       248
   63:        245       280       256       268       282       306       266
   70:        288       303       300       331       317       321       335
   77:        381       337       391       396       396       401       392
   84:        413       428       442       456       477       439       520
   91:        504       521       548       552       560       620       612
   98:        604       616       673       695       658       733       719
  105:        743       774       826       823       798       781       814
  112:        823       871       886       886       821       918       883
  119:        846       887       806       873       887       930       869
  126:        851       811       865       823       816       795       845
  133:        826       854       889       835       860       849       841
  140:        787       783       874       810       783       840       802
  147:        789       795       754       755       813       854       766
  154:        753       786       801       806       827       796       772
  161:        734       793       819       754       790       799       825
  168:        758       766       744       760       754       772       800
  175:        687       755       771       736       729       713       731
  182:        772       733       753       711       674       746       683
  189:        758       725       726       732       716       673       708
  196:        679       722       698       667       691       680       648
  203:        675       646       629       695       653       634       714
  210:        600       624       630       644       594       638       631
  217:        617       620       647       579       594       628       585
  224:        584       582       550       585       600       569       586
  231:        557       597       577       582       546       569       557
  238:        595       561       569       600       535       571       560
  245:        567       554       552       512       535       572       536
  252:        553       553       569       516       561       555       566
  259:        521       512       583       544       545       523       516
  266:        566       557       517       527       477       486       495
  273:        471       481       456       473       489       473       470
  280:        484       465       483       430       409       408       440
  287:        412       395       436       406       420       403       421
  294:        409       374       396       394       375       390       373
  301:        390       348       356       360       354       355       353
  308:        360       387       337       335       345       349       332
  315:        367       339       343       315       352       353       325
  322:        327       324       329       313       310       327       332
  329:        315       344       331       312       326       345       316
  336:        293       313       335       304       294       282       301
  343:        281       300       260       291       302       275       298
  350:        273       272       241       283       266       262       280
  357:        275       285       268       247       252       229       259
  364:        242       268       268       263       270       248       243
  371:        248       236       235       234       232       200       258
  378:        222       253       219       230       238       233       242
  385:        212       233       222       225       233       227       199
  392:        226       221       241       231       208       223       223
  399:        220       219       187       174       207       215       186
  406:        218       182       211       231       200       189       206
  413:        191       187       177       193       186       179       192
  420:        151       186       190       178       180       151       159
  427:        169       206       174       179       196       184       182
  434:        160       150       164       167       147       165       191
  441:        179       170       151       174       159       132       152
  448:        144       147       139       133       177       154       148
  455:        157       171       145       157       145       148       156
  462:        145       157       147       168       132       151       122
  469:        147       158       150       136       153       140       140
  476:        137       125       124       111       143       137       154
  483:        144       140       156       132       126       117       132
  490:        141       128       113       140       114       128       125
  497:        114       125       144       126       114       114       121
  504:        128       122       108       117       106       126       121
  511:        131       105       132       114       107       106       124
  518:        104       120       122       123       126       101       125
  525:        109       100       107       101       113       119        92
  532:        108       112        97       111       112       108       108
  539:        108       110       103        93       104       106        92
  546:         98        99       111       104       106       110       108
  553:        100       109        93       100       116       112        91
  560:         93       100        88        94       112       105       109
  567:        101       117       121       103       103       113        98
  574:        108       109       123       107       128        86       124
  581:        113       134       138       133       130       108       138
  588:        111       144       116       129       104       119       121
  595:        140       149       142       140       127       180       131
  602:        152       148       173       160       139       148       170
  609:        175       162       178       158       174       181       166
  616:        175       158       195       207       182       176       183
  623:        193       205       230       154       205       222       227
  630:        209       204       202       207       250       238       253
  637:        228       215       215       239       214       261       234
  644:        227       250       237       254       254       236       253
  651:        261       270       282       302       252       241       259
  658:        230       243       257       234       268       252       239
  665:        246       222       247       232       233       203       255
  672:        226       226       187       225       197       214       199
  679:        237       202       214       219       195       184       193
  686:        209       188       199       183       175       188       187
  693:        182       179       170       155       166       176       183
  700:        177       163       145       155       132       161       132
  707:        149       136       147       136       125       131       122
  714:        128       113       133        99       124       107       108
  721:        110        97        89       101        88        91        98
  728:         73        86        89        97        68        83        76
  735:         77        71        85        75        69        86        65
  742:         67        61        45        75        61        53        59
  749:         49        50        60        47        59        66        33
  756:         36        45        56        44        44        50        38
  763:         47        38        45        37        33        43        40
  770:         44        34        42        34        38        43        45
  777:         40        41        44        39        33        30        27
  784:         30        29        37        41        34        38        38
  791:         38        36        34        44        34        29        34
  798:         43        30        39        29        32        32        27
  805:         38        28        31        41        42        31        33
  812:         25        27        28        36        33        33        31
  819:         27        40        23        24        27        24        27
  826:         29        38        30        29        27        17        24
  833:         24        20        25        30        16        33        23
  840:         24        24        25        29        30        35        30
  847:         28        29        24        25        25        26        16
  854:         22        20        23        21        26        38        20
  861:         23        25        26        18        16        24        23
  868:         16        26        20        25        18        31        18
  875:         23        14        18        13        21        22        23
  882:         28        26        27        17        20        18        16
  889:         27        11        10        12        23        25        19
  896:         21        20        18        25        15        11        15
  903:         14        16        19        18        20        11        20
  910:         19        24        22        15        22        21        21
  917:         19        12        20        15        17        16        17
  924:         18        12        11        18        18        24        18
  931:         19        21        18        25        23        13        27
  938:         23        12        15        17        14        16        20
  945:         16        12        11        22        13        11        13
  952:         13        13        14        12        14        11        26
  959:         13        11        10        12        12        20        13
  966:         15        12        11        18        11        20        14
  973:         24        13        14        11        15        12         8
  980:         13        14        11        11        13        17        14
  987:         11        10        11         9         7         3         0
  994:          0         0         0         0         0         0         0
 1001:          0         0         0         0         0         0         0
 1008:          0         0         0         0         0         0         0
 1015:          0         0         0         0         0         0         0
 1022:          0         0