
Maestro spectrum printed on 2/7/2022 at 3:03:44 PM
>PC60-26852 Easy-MCA-2k SN 11333505                                              
    0:          0         0         0         0         0         0         0
    7:          0         0         0         0         0         0         0
   14:          0         0         0         0         0         0         1
   21:         27      8043      5884      3063      1593       912       498
   28:        351       243       175       179       167       173       152
   35:        155       161       129       162       157       158       163
   42:        154       183       162       198       183       189       157
   49:        174       182       196       156       183       170       180
   56:        166       187       166       209       225       189       205
   63:        203       213       208       194       237       217       218
   70:        231       220       243       249       254       272       281
   77:        270       302       309       333       316       311       341
   84:        327       329       375       354       399       374       374
   91:        411       420       446       462       435       443       460
   98:        499       471       521       522       550       530       556
  105:        597       567       581       582       633       606       596
  112:        630       649       693       641       646       658       670
  119:        649       648       676       688       649       651       694
  126:        710       626       685       664       645       639       695
  133:        680       640       658       674       648       655       619
  140:        601       617       606       645       660       579       640
  147:        643       598       638       617       608       598       591
  154:        624       617       615       583       664       632       574
  161:        654       608       632       632       622       637       594
  168:        595       618       621       571       580       571       619
  175:        582       581       577       612       561       584       590
  182:        596       572       589       571       529       570       523
  189:        558       552       554       522       609       519       514
  196:        515       509       533       486       504       523       514
  203:        542       520       491       530       490       482       473
  210:        536       486       510       482       453       463       490
  217:        488       473       442       457       475       452       450
  224:        439       449       502       462       414       475       445
  231:        454       463       449       428       441       468       410
  238:        417       455       421       435       465       429       465
  245:        416       423       455       433       413       423       458
  252:        412       399       420       455       404       420       415
  259:        389       384       431       447       454       411       429
  266:        405       408       438       400       398       430       371
  273:        398       391       358       380       372       356       367
  280:        351       360       358       343       335       360       346
  287:        340       326       323       310       315       339       307
  294:        360       283       325       260       297       325       293
  301:        295       282       289       304       286       275       301
  308:        234       290       269       304       276       245       255
  315:        287       261       288       265       278       265       251
  322:        247       262       278       262       257       230       250
  329:        226       250       252       266       243       276       249
  336:        240       254       235       200       221       216       223
  343:        247       239       253       215       236       209       236
  350:        221       206       233       210       211       220       223
  357:        217       176       206       207       164       192       190
  364:        193       189       195       200       186       201       183
  371:        191       194       192       208       165       208       163
  378:        188       189       165       204       160       168       183
  385:        181       189       166       180       164       175       168
  392:        172       179       215       173       178       151       171
  399:        148       168       167       168       163       161       184
  406:        153       144       154       181       179       154       159
  413:        163       172       161       130       160       155       153
  420:        160       155       148       150       151       133       168
  427:        124       138       136       173       136       132       134
  434:        150       132       139       119       155       136       144
  441:        137       123       159       133       128       143       128
  448:        149       127       143       131       107       139       143
  455:        119       129       121       124       125       136       110
  462:        104       123       117        99       111       116       111
  469:        121       107       105       123        94       116       109
  476:        118       137       101       121       116       106       112
  483:        103       109       129       105       108       109        86
  490:        124       113       114       103        90       102       104
  497:        107       100        95        99        96       117        99
  504:         98        98        92        77       100       108        88
  511:        104        83        86       100       109        86        88
  518:         98        94        91        94        86        85        83
  525:         98        86        82        90       102        76        75
  532:         82        85        94        69        88        81        66
  539:         89        90        70        84        70        59        94
  546:         93        70        70        76        72        65        80
  553:         81        53        77        71        82        80        70
  560:         88        74        69        83        58        77        66
  567:         69        66        94        79        71        70        79
  574:         85        68        73        69        82        70        73
  581:         86        55        73        57        73        71        72
  588:         61        69        61        82        85        75        86
  595:         79        71        84        77       103        82        81
  602:         92        82        74        78        88        76        88
  609:         78        92        80        81        72        89        76
  616:         73        96        94        83        91        76        88
  623:        107       103        95        86        95        94       105
  630:         87       110       118       111       114       108       119
  637:        101       111       109       104       115       147       133
  644:        146       123       143       101       141       160       144
  651:        163       141       145       172       133       161       173
  658:        156       128       158       134       147       158       153
  665:        165       179       183       170       188       181       175
  672:        182       187       185       188       183       193       183
  679:        196       209       171       177       176       195       192
  686:        195       201       182       166       190       226       187
  693:        202       199       200       193       215       185       203
  700:        205       203       196       193       194       188       193
  707:        158       195       177       181       188       197       188
  714:        196       204       186       185       181       170       151
  721:        171       180       175       151       159       162       142
  728:        137       156       147       156       139       134       132
  735:        119       137       128       119       125       106       119
  742:        132       119       103       103       108       130        95
  749:         94        86        94       104        96        83        82
  756:         96        87        63        66        62        76        73
  763:         69        72        75        67        71        86        53
  770:         64        59        59        49        61        59        43
  777:         61        41        55        56        45        44        43
  784:         55        41        44        53        43        36        38
  791:         32        39        35        47        32        32        38
  798:         40        32        32        37        38        40        35
  805:         41        37        42        28        28        17        33
  812:         29        26        27        32        20        29        28
  819:         37        24        28        21        19        38        20
  826:         15        23        18        21        23        29        30
  833:         32        17        21        20        17        19        20
  840:         26        24        29        24        24        20        27
  847:         17        21        19        13        23        24        19
  854:         18        24        19        14        23        17        23
  861:         14        21        21        15        23        14        23
  868:         21        23        17        17        16        23        19
  875:         20        18        13        13        14        11        19
  882:         25        21        21        17        12        17        11
  889:         17        13        21        22        11        13        19
  896:         10        20        25        19        21        12        29
  903:         14        16        15        11        24        17        20
  910:         12        15        19        19        22        14        22
  917:         19        15        24         6        22        25        15
  924:          8        14         6        17        13        13        15
  931:         17         8        10        18        18        15        18
  938:         21         9         9         7         7        14        13
  945:         12        10         9         7        14        11         7
  952:         15         9         7        13        11         9        12
  959:         11        14        12         8        14        12        13
  966:          7         8         9        12         8         9         5
  973:          9        10        12         7         9         8        12
  980:         11        15         7        11         6         9         4
  987:         17         5         8        11        12         0         0
  994:          0         0         0         1         0         0         0
 1001:          0         0         0         0         0         0         0
 1008:          0         0         0         0         0         0         0
 1015:          0         0         0         0         0         0         0
 1022:          0         0