
Maestro spectrum printed on 2/14/2022 at 1:38:34 PM
>PC60-26852 Easy-MCA-2k SN 11333505                                              
    0:          0         0         0         0         0         0         0
    7:          0         0         0         0         0         0         0
   14:          1         0         0         0         0         1         1
   21:         27      2519      2083      1315       876       650       468
   28:        344       287       257       237       250       233       218
   35:        243       260       278       285       265       272       257
   42:        289       285       277       269       309       268       277
   49:        270       274       297       319       275       299       296
   56:        287       319       289       313       340       322       337
   63:        338       360       351       311       361       375       363
   70:        384       371       405       401       403       457       445
   77:        486       490       515       505       551       578       566
   84:        603       631       628       613       701       733       763
   91:        718       755       850       816       870       832       906
   98:        865       948       911       970       980      1038      1029
  105:       1035      1065      1063      1089      1095      1135      1163
  112:       1063      1186      1131      1163      1170      1197      1152
  119:       1188      1188      1159      1224      1192      1185      1216
  126:       1221      1232      1226      1214      1197      1203      1204
  133:       1197      1217      1204      1203      1231      1251      1254
  140:       1205      1230      1266      1183      1242      1267      1238
  147:       1202      1112      1161      1219      1174      1215      1250
  154:       1207      1198      1182      1267      1228      1190      1184
  161:       1179      1203      1179      1143      1156      1155      1176
  168:       1169      1121      1177      1141      1178      1154      1137
  175:       1133      1138      1129      1141      1038      1147      1100
  182:       1113      1128      1094      1057      1079      1058      1108
  189:       1101      1118      1073      1068      1061      1086      1069
  196:       1089      1093       983       970      1061      1039      1025
  203:       1024       993       931       974      1016       970       962
  210:        982       960       911       965       920       916       893
  217:        871       956       893       899       858       863       896
  224:        852       810       867       859       843       804       844
  231:        792       868       821       809       827       836       816
  238:        780       815       765       759       752       826       765
  245:        793       746       766       728       699       738       733
  252:        765       745       760       795       752       737       701
  259:        721       725       697       721       732       715       729
  266:        682       699       709       695       651       660       673
  273:        654       669       668       648       623       632       585
  280:        596       632       626       627       577       584       591
  287:        588       631       568       611       591       535       561
  294:        565       575       540       554       535       526       544
  301:        551       545       551       550       533       551       541
  308:        557       542       516       588       536       522       502
  315:        531       542       491       519       516       519       489
  322:        499       549       535       531       536       564       552
  329:        505       574       560       553       549       551       522
  336:        521       573       546       578       532       538       542
  343:        539       543       570       536       530       586       563
  350:        616       545       559       536       606       569       606
  357:        587       575       556       555       580       563       597
  364:        580       603       533       545       565       581       551
  371:        587       528       528       516       568       569       527
  378:        527       518       516       520       479       463       486
  385:        434       437       435       476       445       463       401
  392:        438       406       415       425       393       390       370
  399:        381       343       345       351       328       349       329
  406:        320       321       286       319       294       278       298
  413:        284       267       251       263       235       229       254
  420:        271       247       244       199       205       234       240
  427:        207       215       210       238       200       193       170
  434:        228       176       192       201       180       182       196
  441:        206       195       173       183       193       164       193
  448:        156       191       171       191       171       174       161
  455:        166       185       161       161       157       148       153
  462:        144       132       155       148       198       154       147
  469:        149       179       162       163       152       183       140
  476:        148       148       156       138       135       154       134
  483:        153       146       138       143       143       139       118
  490:        135       145       132       150       118       116       136
  497:        138       114       144       123       112       114       119
  504:        114       114       138       104       103       111       108
  511:        114       101       115       105        82       101       106
  518:        118        97       102        91        84       101        94
  525:        119       102        91        94        84        83       102
  532:        107       105        97        78        87        87        97
  539:        102        86        80        94        83        94        85
  546:         73        86       101       105        76        98        98
  553:         68        88        77        69        92        84        72
  560:         94        82        89        77        77        74        77
  567:         63        80        71        81        84        78        87
  574:         81        66        58        81        73        67        74
  581:         71        87        69        83        71        72        77
  588:         78        70        75        71        70        85        64
  595:         70        64        61        80        70        64        74
  602:         56        82        62        57        79        63        81
  609:         60        61        73        63        74        59        60
  616:         66        63        72        76        73        45        58
  623:         71        50        64        66        59        65        72
  630:         67        64        53        51        56        61        53
  637:         46        52        58        55        65        66        61
  644:         40        52        50        46        61        53        74
  651:         48        66        45        58        53        57        62
  658:         56        47        51        53        47        61        60
  665:         52        63        71        55        55        51        52
  672:         64        41        47        56        47        52        56
  679:         54        48        41        46        58        58        47
  686:         42        57        57        55        48        50        52
  693:         48        54        62        65        59        47        57
  700:         62        42        47        45        50        69        47
  707:         39        40        68        58        44        44        52
  714:         56        67        57        54        52        66        45
  721:         48        48        59        33        45        50        36
  728:         40        49        49        64        53        56        46
  735:         45        47        62        50        50        37        38
  742:         45        44        37        55        46        53        40
  749:         47        48        51        50        59        52        48
  756:         48        65        48        35        57        56        48
  763:         43        53        50        34        63        51        40
  770:         48        35        44        49        52        48        69
  777:         50        42        49        51        61        56        57
  784:         45        59        48        56        69        37        44
  791:         53        51        60        44        59        60        50
  798:         62        66        57        55        56        57        46
  805:         59        65        61        58        62        50        63
  812:         56        54        75        49        68        53        62
  819:         53        52        60        61        67        64        60
  826:         82        67        65        63        58        49        55
  833:         56        51        69        65        58        54        66
  840:         63        61        61        59        51        74        58
  847:         68        56        58        62        64        73        62
  854:         70        53        81        70        42        68        79
  861:         75        63        62        59        73        59        78
  868:         86        60        72        64        52        80        74
  875:         63        73        70        75        70        68        53
  882:         78        50        62        52        72        72        73
  889:         63        68        53        68        77        56        46
  896:         62        60        67        61        53        62        55
  903:         65        57        56        59        48        54        42
  910:         43        49        45        44        61        46        46
  917:         47        42        36        63        45        39        50
  924:         47        31        37        46        43        37        46
  931:         35        36        29        41        37        36        34
  938:         29        26        41        42        38        31        33
  945:         27        34        28        16        23        29        34
  952:         17        17        25        32        21        18        27
  959:         21        22        21        16        31        23        20
  966:         18        21        18        19        23        26        27
  973:         24        22        22        21        19        18        19
  980:         23        24        22        17        19        24        21
  987:         22        17        13        17        13         3         0
  994:          0         0         0         0         0         0         0
 1001:          0         0         0         0         0         0         0
 1008:          0         0         0         0         0         0         0
 1015:          0         0         0         0         0         0         0
 1022:          0         0