
Maestro spectrum printed on 2/13/2022 at 12:57:23 PM
>PC60-26852 Easy-MCA-2k SN 11333505                                              
    0:          0         0         0         0         0         0         0
    7:          0         0         0         0         0         0         0
   14:          0         0         0         0         0         0         0
   21:         40      2755      2328      1477       983       715       531
   28:        405       325       288       235       237       246       233
   35:        220       233       242       272       257       272       271
   42:        272       260       323       278       278       278       292
   49:        315       285       300       271       303       290       272
   56:        260       331       292       275       314       296       300
   63:        330       324       318       314       333       376       372
   70:        381       389       407       386       410       430       475
   77:        445       469       525       550       590       565       577
   84:        611       603       608       644       681       730       704
   91:        749       763       785       840       802       841       823
   98:        892       908       934       918       972       992      1022
  105:        980      1023      1061      1065      1087      1127      1080
  112:       1132      1131      1157      1209      1143      1105      1162
  119:       1166      1205      1185      1164      1195      1187      1180
  126:       1198      1213      1227      1176      1177      1241      1239
  133:       1187      1226      1182      1318      1230      1202      1225
  140:       1206      1226      1207      1139      1180      1173      1223
  147:       1193      1186      1208      1175      1175      1204      1195
  154:       1173      1179      1159      1190      1162      1177      1159
  161:       1206      1164      1192      1173      1184      1153      1131
  168:       1234      1130      1121      1147      1101      1185      1102
  175:       1152      1158      1170      1163      1174      1125      1103
  182:       1080      1121      1092      1127      1103      1069      1092
  189:       1107      1087      1090      1028      1020      1109      1041
  196:       1015      1106       981      1012      1026       998       971
  203:        997      1021      1018       961       996       967       976
  210:        952       932       951       946       968       928       934
  217:        845       875       921       896       890       811       847
  224:        883       819       895       848       814       779       862
  231:        784       791       826       842       792       825       815
  238:        774       801       866       772       790       713       758
  245:        742       781       762       738       708       761       747
  252:        774       759       708       706       765       797       754
  259:        725       687       722       748       686       679       675
  266:        697       673       652       681       673       696       675
  273:        629       617       637       651       678       625       603
  280:        616       623       616       584       637       599       575
  287:        585       563       534       591       564       541       599
  294:        534       557       545       540       550       551       551
  301:        534       518       491       517       490       511       501
  308:        528       531       511       495       507       464       469
  315:        520       494       479       487       466       487       520
  322:        528       478       504       445       475       496       474
  329:        515       486       491       450       481       447       477
  336:        432       434       514       421       470       527       483
  343:        514       423       457       476       469       464       502
  350:        463       496       504       488       480       519       489
  357:        478       516       484       478       486       479       481
  364:        538       491       525       506       506       494       500
  371:        536       534       522       536       508       537       518
  378:        507       514       513       550       547       534       513
  385:        490       522       504       527       494       531       553
  392:        520       517       471       462       448       458       421
  399:        438       471       415       464       397       420       398
  406:        426       420       407       421       380       344       355
  413:        357       329       354       286       339       315       305
  420:        295       312       294       276       271       254       262
  427:        264       274       271       252       253       236       219
  434:        217       206       216       210       199       231       179
  441:        213       210       187       188       200       203       184
  448:        175       187       169       184       172       176       191
  455:        190       183       167       173       158       181       165
  462:        164       161       146       168       175       164       148
  469:        149       157       155       178       139       159       163
  476:        149       119       152       138       131       130       150
  483:        142       134       137       129       142       137       152
  490:        154       155       135       138       146       129       133
  497:        128       118       113       116       133       114       116
  504:        108       102       108       134       132       121       109
  511:        119       109       113       108       105       113       115
  518:        110       101       100        82        92        90       100
  525:         99        80       100        97        80        94       100
  532:         90        81       102        86        89        81        83
  539:         93        86        98        74       109        97        97
  546:         81        79       108        77        83        85        79
  553:         78        99        90        85        88        78        76
  560:         78        71        54        72        77        83        74
  567:         89        84        69        77        74        68        78
  574:         84        74        65        82        88        80        60
  581:         70        76        69        82        60        75        66
  588:         74        56        72        66        73        67        68
  595:         61        76        75        50        63        61        63
  602:         80        64        78        61        51        71        65
  609:         63        65        65        77        63        65        62
  616:         59        72        60        63        51        63        77
  623:         78        73        57        55        64        67        64
  630:         49        67        65        47        60        52        52
  637:         52        63        54        63        56        53        61
  644:         55        65        62        48        52        53        60
  651:         65        60        54        59        58        55        46
  658:         52        56        54        49        44        57        55
  665:         41        62        46        54        63        54        61
  672:         47        47        53        55        53        55        57
  679:         53        48        48        40        61        47        47
  686:         59        53        55        59        57        59        51
  693:         51        54        46        53        42        52        61
  700:         40        54        65        41        42        45        42
  707:         49        47        63        59        56        44        52
  714:         45        44        47        50        41        48        40
  721:         67        55        47        32        47        47        42
  728:         53        49        42        47        46        45        58
  735:         55        39        47        56        56        47        60
  742:         37        53        61        39        46        48        49
  749:         57        43        48        49        51        48        54
  756:         55        47        50        55        44        49        47
  763:         49        60        50        46        43        36        37
  770:         44        52        53        48        47        47        52
  777:         47        47        47        50        50        43        51
  784:         56        52        50        63        67        49        51
  791:         35        47        52        56        55        50        58
  798:         47        44        59        65        39        54        53
  805:         54        47        56        65        60        59        54
  812:         62        62        45        81        47        48        42
  819:         55        53        65        55        61        52        56
  826:         64        46        54        67        63        50        56
  833:         49        57        59        58        67        52        58
  840:         54        49        48        59        41        50        52
  847:         55        51        57        59        63        65        53
  854:         60        65        73        46        65        60        50
  861:         46        51        69        61        54        51        56
  868:         56        61        61        60        68        67        63
  875:         52        64        57        70        59        59        58
  882:         67        69        56        58        61        59        66
  889:         54        52        60        63        61        52        56
  896:         41        44        54        54        34        60        63
  903:         48        68        52        47        55        40        53
  910:         44        49        43        53        55        34        51
  917:         42        41        34        54        39        60        34
  924:         48        42        38        33        35        39        31
  931:         28        25        34        28        39        34        36
  938:         29        24        33        29        30        25        37
  945:         25        23        26        29        33        29        22
  952:         24        30        19        19        18        25        32
  959:         19        28        19        17        27        21        19
  966:         18        13        20        21        21        17        16
  973:         24        21        17        16        15        16        21
  980:         17        23        28        23        23        20        17
  987:         24        19        15        22        24         0         0
  994:          0         0         0         0         0         0         0
 1001:          0         0         0         0         0         0         0
 1008:          0         0         0         0         0         0         0
 1015:          0         0         0         0         0         0         0
 1022:          0         0