
Maestro spectrum printed on 2/13/2022 at 11:48:48 AM
>PC60-26852 Easy-MCA-2k SN 11333505                                              
    0:          0         0         0         0         0         0         0
    7:          0         0         0         0         0         0         0
   14:          0         0         0         0         0         0         1
   21:         24      3210      2536      1551       943       649       430
   28:        347       273       227       184       164       188       189
   35:        176       222       199       193       228       215       251
   42:        201       240       224       242       227       237       215
   49:        267       246       238       218       257       231       251
   56:        230       232       247       230       287       271       270
   63:        265       299       292       303       278       306       314
   70:        286       335       345       356       345       365       354
   77:        405       392       386       449       486       442       488
   84:        467       507       527       561       553       561       559
   91:        632       600       597       622       686       676       731
   98:        726       743       749       784       820       773       781
  105:        837       878       833       898       996       923       933
  112:        896       999       918       917       915       992      1057
  119:       1028      1029       980       930       993       982       971
  126:       1043       987      1037      1018       978       984       985
  133:        923       953       978       930       955      1027      1027
  140:        974       956       969       963      1007       991       967
  147:       1047       971       959      1067       983       960       962
  154:        934       968       969       980       975       928       907
  161:        915       873       875       936       978      1022       944
  168:        955       980       895       955       886       942       968
  175:        968       947       885       994       916       939       907
  182:        858       876       909       881       893       902       868
  189:        877       857       903       886       898       897       857
  196:        839       823       835       855       852       838       835
  203:        809       851       849       790       792       813       818
  210:        760       822       763       766       776       812       738
  217:        733       740       729       750       731       712       716
  224:        655       712       728       672       669       692       646
  231:        636       661       720       676       669       650       668
  238:        624       614       667       646       645       664       604
  245:        643       623       626       644       634       609       626
  252:        559       570       578       611       578       622       599
  259:        570       602       562       539       535       566       590
  266:        551       570       596       588       521       569       529
  273:        531       526       571       504       495       521       519
  280:        538       494       522       499       511       467       482
  287:        464       422       439       467       456       433       452
  294:        423       456       453       471       445       453       433
  301:        436       419       429       438       425       436       416
  308:        426       409       395       406       412       361       408
  315:        374       393       373       386       395       349       385
  322:        386       354       426       381       401       360       373
  329:        346       369       370       401       398       370       347
  336:        357       382       355       371       363       355       336
  343:        332       399       386       372       382       359       303
  350:        357       307       334       369       329       350       345
  357:        338       309       343       335       331       327       398
  364:        331       333       331       323       354       369       314
  371:        356       342       346       340       369       332       377
  378:        356       385       370       379       368       409       392
  385:        425       379       389       388       411       386       416
  392:        419       403       450       373       409       378       403
  399:        409       443       419       388       400       401       385
  406:        430       380       396       385       364       392       361
  413:        395       372       373       335       324       343       339
  420:        348       346       324       335       302       289       279
  427:        299       302       290       231       264       272       308
  434:        255       233       222       237       233       242       200
  441:        235       242       204       197       202       218       188
  448:        179       189       196       188       162       170       166
  455:        169       164       179       167       146       174       137
  462:        174       161       142       160       127       152       126
  469:        136       138       141       144       137       139       120
  476:        118       138       134       125       113       140       114
  483:        117       113       121       124       100       121       110
  490:        114       117       103       127       107       131       111
  497:        111        97       126       106       114        93       108
  504:        105        97        96        84        85        81        91
  511:         88        89        92        71        98        86        94
  518:         80        90        92        87        80        87        85
  525:         76        78        82        86        78        58       104
  532:         72        89        78        61        80        69        76
  539:         76        75        63        69        71        80        70
  546:         67        69        67        60        70        74        79
  553:         65        54        70        65        57        73        72
  560:         58        65        48        58        62        67        60
  567:         63        71        71        62        65        64        51
  574:         69        59        60        56        51        51        56
  581:         61        53        50        62        64        57        57
  588:         46        60        64        53        65        61        56
  595:         59        43        48        58        54        64        51
  602:         62        62        59        58        47        54        55
  609:         69        51        40        58        56        61        37
  616:         40        53        48        60        50        52        46
  623:         44        41        51        52        53        40        30
  630:         45        51        44        41        57        52        47
  637:         51        44        59        42        58        42        58
  644:         41        48        41        42        37        48        42
  651:         50        46        53        43        34        35        44
  658:         39        45        36        42        35        41        35
  665:         50        44        55        50        45        37        37
  672:         48        35        42        44        45        48        35
  679:         42        46        42        45        37        46        43
  686:         41        40        47        39        37        39        49
  693:         44        24        38        41        38        37        40
  700:         44        39        27        34        31        39        41
  707:         37        32        47        38        36        46        31
  714:         37        45        25        42        37        41        26
  721:         30        39        24        21        47        31        34
  728:         35        44        37        34        27        35        35
  735:         44        42        50        36        33        39        42
  742:         29        39        38        34        49        33        45
  749:         30        35        44        33        35        47        36
  756:         44        43        45        38        49        36        27
  763:         38        48        44        51        53        33        29
  770:         45        38        41        42        32        44        31
  777:         37        37        44        47        41        42        30
  784:         32        36        48        35        43        44        42
  791:         45        40        45        33        35        37        37
  798:         41        35        46        43        50        39        37
  805:         41        34        58        40        41        50        33
  812:         46        40        46        47        44        47        40
  819:         42        44        48        36        39        43        50
  826:         48        37        40        48        46        38        45
  833:         36        45        30        45        40        37        44
  840:         37        40        41        41        51        48        34
  847:         44        40        34        43        46        48        32
  854:         41        58        39        48        48        36        59
  861:         54        36        53        42        49        35        36
  868:         46        48        43        45        50        38        47
  875:         32        40        50        47        29        37        44
  882:         47        44        42        30        52        55        27
  889:         39        50        47        46        38        43        45
  896:         37        44        50        33        38        41        30
  903:         25        42        41        36        36        32        28
  910:         42        31        29        38        30        31        37
  917:         23        35        30        32        21        26        23
  924:         26        35        25        34        18        30        19
  931:         17        26        28        28        28        14        24
  938:         21        22        24        24        20        32        20
  945:         19        18        20        21        24        19        24
  952:         23        18        14        12        16        20        15
  959:         17        13        15        12        18        13        18
  966:         22        23        16        22        18        20        22
  973:         29        15        24        13        18        18        17
  980:         21        22        16        22        20        19        13
  987:         21        16        16        17        21         2         0
  994:          0         0         0         0         0         0         0
 1001:          0         0         1         0         0         0         0
 1008:          0         0         0         0         0         0         0
 1015:          0         0         0         0         0         0         0
 1022:          0         0