
Maestro spectrum printed on 2/12/2022 at 2:45:40 PM
>PC60-26852 Easy-MCA-2k SN 11333505                                              
    0:          0         0         0         0         0         0         0
    7:          0         0         0         0         0         0         0
   14:          0         0         0         0         0         0         0
   21:         29      2344      1822      1098       784       549       407
   28:        308       255       217       178       180       186       192
   35:        180       197       209       214       205       236       210
   42:        249       209       228       267       227       216       239
   49:        246       221       203       258       235       242       251
   56:        239       258       226       233       242       272       273
   63:        279       283       285       274       298       318       325
   70:        307       302       358       314       318       377       355
   77:        400       439       412       409       461       445       423
   84:        457       495       513       532       530       560       557
   91:        595       604       623       643       645       662       724
   98:        729       766       781       793       779       840       860
  105:        819       844       847       856       894       884       958
  112:        927       881       970       920       960       950       959
  119:        980      1000      1013      1057      1006       938       931
  126:        966       962       972       969      1016      1023       935
  133:        955       937       946       959       991       952       988
  140:        973       964       926       971       909       918       939
  147:        915       912       909       935       987       944       968
  154:        942       933       910       867       889       890       897
  161:        925       907       880       897       925       912       899
  168:        926       878       859       898       919       903       946
  175:        857       879       880       885       867       912       897
  182:        884       876       901       831       852       791       827
  189:        819       842       823       845       767       811       750
  196:        796       812       803       838       807       725       805
  203:        772       791       748       769       755       713       698
  210:        754       723       738       746       734       680       709
  217:        725       680       692       679       644       695       667
  224:        648       695       688       709       685       673       688
  231:        662       618       652       628       698       637       602
  238:        602       588       632       687       627       630       619
  245:        608       628       605       618       615       606       613
  252:        551       562       608       575       565       584       583
  259:        534       566       630       537       550       560       521
  266:        608       575       507       536       516       536       526
  273:        515       519       490       494       496       446       478
  280:        507       464       467       459       501       436       455
  287:        477       408       440       447       437       415       393
  294:        433       409       398       436       361       403       378
  301:        394       363       363       411       379       389       380
  308:        396       372       380       365       376       383       371
  315:        385       371       356       338       344       350       355
  322:        344       345       346       364       352       311       321
  329:        353       328       326       342       312       339       319
  336:        372       328       323       340       301       315       337
  343:        306       303       293       306       301       299       284
  350:        306       294       282       313       266       276       284
  357:        296       276       259       268       256       250       243
  364:        247       258       276       255       242       258       246
  371:        257       261       248       266       263       248       239
  378:        251       233       240       238       244       253       250
  385:        220       223       262       229       231       259       219
  392:        265       218       228       243       238       228       213
  399:        249       221       216       223       249       244       234
  406:        257       214       209       217       237       209       242
  413:        223       238       226       249       236       218       258
  420:        260       228       229       250       219       250       231
  427:        258       275       258       263       267       275       269
  434:        260       265       273       259       295       261       314
  441:        287       272       275       292       275       309       314
  448:        278       343       280       323       310       279       319
  455:        327       307       329       313       333       330       337
  462:        316       327       325       346       372       327       336
  469:        347       330       307       347       314       327       296
  476:        322       308       354       302       279       295       257
  483:        303       302       249       291       275       292       274
  490:        261       244       259       247       285       261       258
  497:        233       216       227       219       214       211       213
  504:        223       197       179       197       177       180       181
  511:        164       190       147       151       170       147       148
  518:        133       134       132       141       139       136       122
  525:        142       101       126       130       108       105       112
  532:         97       112        99       121       103        94       111
  539:         88        93        90        85       103        87        96
  546:         81       101        75        67        66        85        76
  553:         67        64        77        87        67        70        79
  560:         70        75        65        82        58        61        80
  567:         60        64        73        67        64        58        72
  574:         59        58        67        60        62        59        63
  581:         56        77        62        66        62        55        47
  588:         69        51        52        66        58        53        51
  595:         42        57        60        51        58        43        50
  602:         46        45        60        54        61        39        55
  609:         52        44        40        75        49        54        50
  616:         48        44        46        47        51        45        45
  623:         39        56        49        48        48        51        47
  630:         48        48        43        38        52        39        41
  637:         51        40        31        46        50        44        53
  644:         38        53        37        49        38        35        43
  651:         51        42        38        40        35        45        47
  658:         38        25        54        47        30        37        39
  665:         38        40        38        32        49        41        29
  672:         39        45        42        43        38        31        38
  679:         44        42        36        46        38        32        30
  686:         34        39        29        37        42        49        49
  693:         42        27        30        30        34        44        37
  700:         40        28        34        28        28        34        33
  707:         32        39        36        38        30        38        51
  714:         31        37        28        40        40        48        30
  721:         32        38        37        35        34        40        36
  728:         39        34        40        34        29        30        37
  735:         21        41        39        32        28        39        29
  742:         28        19        30        39        41        30        34
  749:         17        31        40        36        29        32        21
  756:         35        37        31        26        33        28        33
  763:         39        32        35        41        27        30        37
  770:         35        47        29        39        35        28        28
  777:         32        30        35        26        28        28        43
  784:         34        41        31        44        42        43        33
  791:         29        41        37        28        32        35        41
  798:         27        38        42        38        25        44        37
  805:         36        33        38        39        29        34        34
  812:         33        37        26        38        31        30        36
  819:         32        44        42        41        39        35        36
  826:         37        26        36        30        39        17        38
  833:         35        25        33        23        33        37        36
  840:         38        38        38        32        27        34        28
  847:         39        31        31        24        36        35        25
  854:         30        34        32        21        23        27        26
  861:         29        22        27        45        41        34        26
  868:         29        32        29        40        27        25        25
  875:         34        33        26        37        22        25        29
  882:         22        31        26        24        23        18        33
  889:         31        20        21        24        20        30        45
  896:         28        32        22        24        14        25        22
  903:         24        19        17        26        21        17        21
  910:         26        21        18        21        25        27        18
  917:         23        20        26        19        16        20        15
  924:         27        15        17        18        23        13        23
  931:         30        15        13        20        18        17        12
  938:         22        25        16        23        21        20        17
  945:         18        14        21        20        15        24        25
  952:         17        21        16        18        18        22        10
  959:         12        21        22        11        16        14        17
  966:         18        14        18        14         9        14         9
  973:         15        11        16        15        16        19        23
  980:         14        15        12        19        18        24        21
  987:         15        18        15        18        16         0         0
  994:          0         0         0         0         0         0         0
 1001:          0         0         0         0         0         0         0
 1008:          0         0         0         0         0         0         0
 1015:          0         0         0         0         0         0         0
 1022:          0         0