
Maestro spectrum printed on 2/12/2022 at 12:58:02 PM
>PC60-26852 Easy-MCA-2k SN 11333505                                              
    0:          0         0         0         0         0         0         0
    7:          0         0         0         0         0         0         0
   14:          0         0         0         0         0         1         0
   21:         25      4092      3440      2112      1230       835       592
   28:        408       289       236       224       211       190       187
   35:        205       202       171       200       207       207       214
   42:        205       211       221       265       228       251       256
   49:        223       221       241       231       259       254       257
   56:        245       236       232       233       261       244       251
   63:        263       312       268       280       294       305       302
   70:        304       331       327       337       374       391       371
   77:        413       390       377       430       476       467       445
   84:        480       472       518       526       534       552       582
   91:        599       627       620       651       698       645       636
   98:        724       771       748       793       816       830       849
  105:        840       832       920       898       945       941       869
  112:        964       983       946       978       953       982       965
  119:        961       981       971       912       986       991       966
  126:        953      1056       955       913       964       959       935
  133:        939       980       944       959       951       939       993
  140:        933       929       936       945       922       976       931
  147:        895       931       961       938       890       926       925
  154:        952       854       910       890       936       929       910
  161:        922       901       828       913       909       882       933
  168:        899       897       868       879       894       890       899
  175:        926       877       903       805       848       824       856
  182:        845       811       820       837       834       786       841
  189:        815       825       824       808       817       787       803
  196:        847       791       845       797       764       754       784
  203:        724       743       762       768       715       762       741
  210:        709       772       710       759       695       699       725
  217:        663       648       713       641       688       763       639
  224:        684       654       667       652       675       681       627
  231:        675       696       660       661       611       618       642
  238:        608       595       581       644       635       613       582
  245:        580       588       597       556       621       628       579
  252:        615       541       521       609       627       575       602
  259:        568       551       542       554       567       560       590
  266:        533       518       530       523       499       528       520
  273:        490       496       482       491       509       481       472
  280:        499       478       468       466       427       455       445
  287:        453       456       439       417       394       429       448
  294:        420       425       385       411       407       386       407
  301:        423       418       396       365       384       380       388
  308:        408       401       382       364       404       366       341
  315:        339       342       383       359       364       356       337
  322:        321       374       305       348       351       357       332
  329:        322       342       312       319       300       360       326
  336:        308       307       339       320       310       327       296
  343:        282       308       304       312       328       289       278
  350:        277       315       275       248       283       300       253
  357:        287       289       242       252       249       249       265
  364:        251       246       253       237       254       266       237
  371:        243       234       234       235       263       241       246
  378:        265       249       243       238       230       223       238
  385:        227       209       250       206       237       226       196
  392:        205       205       228       222       216       225       209
  399:        179       220       198       200       194       228       197
  406:        204       214       204       219       209       201       202
  413:        211       197       192       215       195       202       208
  420:        205       196       197       196       220       195       216
  427:        190       189       195       169       198       221       179
  434:        225       182       210       228       215       202       219
  441:        273       232       192       233       205       215       221
  448:        219       198       225       251       216       195       225
  455:        233       253       255       254       248       277       248
  462:        250       249       277       244       268       276       295
  469:        273       293       299       304       285       290       278
  476:        305       289       290       280       301       283       282
  483:        307       316       336       301       308       304       301
  490:        279       298       304       285       275       308       317
  497:        302       296       324       303       309       285       278
  504:        301       285       267       298       259       266       280
  511:        246       250       245       259       246       267       273
  518:        233       231       243       264       255       226       234
  525:        203       216       205       209       200       189       195
  532:        166       182       174       164       162       161       161
  539:        159       168       155       159       138       128       172
  546:        122       122       137       135       125       111       118
  553:        100       111        92       118       111        88        91
  560:         89        96       111        94        96        89       102
  567:         93        82        91        91        85        88        74
  574:         87        85        85        79        85        72        76
  581:         81        71        66        71        75        64        65
  588:         51        68        72        73        54        51        47
  595:         69        69        71        49        55        69        63
  602:         63        60        62        60        62        52        57
  609:         59        51        45        44        52        46        49
  616:         49        67        42        51        56        51        67
  623:         57        31        56        46        45        52        41
  630:         40        60        49        57        53        51        51
  637:         45        46        51        44        41        46        48
  644:         47        48        35        44        33        35        44
  651:         42        39        47        39        36        32        39
  658:         32        38        30        44        44        52        36
  665:         39        40        32        48        48        41        43
  672:         37        46        35        36        37        40        43
  679:         32        35        28        31        38        32        51
  686:         41        26        30        32        30        39        42
  693:         32        30        43        34        37        42        29
  700:         31        30        32        29        22        25        41
  707:         31        31        43        35        39        41        29
  714:         35        31        32        30        43        30        25
  721:         38        31        35        38        42        16        28
  728:         37        34        25        38        28        29        39
  735:         28        38        45        35        28        36        32
  742:         33        29        44        26        36        35        35
  749:         29        21        23        25        31        33        28
  756:         27        29        28        37        24        32        44
  763:         34        39        29        33        37        28        33
  770:         30        35        29        39        23        33        32
  777:         28        24        31        38        27        38        35
  784:         39        39        42        31        26        26        35
  791:         29        27        28        30        34        39        42
  798:         35        38        37        31        32        31        40
  805:         34        36        36        25        30        39        34
  812:         50        38        37        27        22        43        42
  819:         23        30        39        31        33        37        27
  826:         42        40        31        30        49        46        31
  833:         27        30        21        33        42        32        28
  840:         33        40        35        45        24        34        26
  847:         28        31        26        38        23        31        24
  854:         30        22        34        34        19        37        31
  861:         24        26        30        26        33        31        20
  868:         21        30        26        25        16        20        31
  875:         22        23        22        26        27        24        26
  882:         27        28        23        23        20        21        25
  889:         23        28        36        23        23        22        22
  896:         17        19        20        22        25        17        24
  903:         25        20        17        14        18        29        12
  910:         19        12        19        22        13        19        15
  917:         23        16        22        27        21        21        18
  924:         25        14        22        13        17        22        21
  931:         18        22        18        23        20        14        18
  938:         22        16        18        18        20        26        22
  945:         15        11        20        13        19        14        12
  952:         17        19        16        19        23        11        30
  959:          9        12        17        19        20        12        17
  966:         17        15        13        13        12        28        18
  973:         13        15        22        20        13        19         8
  980:         12        13        12        17         8        12        16
  987:         11        19        18        14        24         4         0
  994:          0         0         0         0         0         0         0
 1001:          0         0         0         0         0         0         0
 1008:          0         0         0         0         0         0         0
 1015:          0         0         0         0         0         0         0
 1022:          0         0