
Maestro spectrum printed on 2/9/2022 at 1:41:27 PM
>PC60-26852 Easy-MCA-2k SN 11333505                                              
    0:          0         0         0         0         0         0         0
    7:          0         0         0         0         0         0         0
   14:          0         0         0         1         2         4         9
   21:       1328    293650    287244    201411    141346     96131     63330
   28:      41869     27413     19115     14354     11835     10633     10194
   35:      10267     10303     10631     10660     11141     11234     11503
   42:      11864     12093     12231     12334     12299     12338     12416
   49:      12252     12502     12391     12237     12555     12681     12702
   56:      12790     12897     13284     13350     13439     13744     14066
   63:      14447     14884     15047     15718     15949     16079     16795
   70:      17397     17811     18439     18869     19524     19643     20615
   77:      21036     21739     22638     23358     24009     24792     25666
   84:      26425     27565     28189     28994     29957     30373     31368
   91:      32356     33165     34029     34968     35780     36805     37618
   98:      38460     40067     40564     42006     42851     43621     44575
  105:      45714     46485     47464     48221     49214     49952     50334
  112:      51414     51701     52363     52654     52598     53306     53068
  119:      53317     52941     53129     53194     53774     53623     53478
  126:      53464     53645     53021     53579     52586     52648     52789
  133:      52587     52588     52930     52432     52220     52015     51795
  140:      51915     51952     51815     51427     51670     51510     51306
  147:      50969     51226     51088     50382     50958     50128     50360
  154:      50171     49931     49710     49802     49682     49332     49677
  161:      49492     49340     49147     49317     49337     48917     49085
  168:      48766     48780     48669     48103     48152     47730     47962
  175:      47733     47316     47670     47095     46694     46623     46506
  182:      46409     45461     45888     45744     45201     44697     44533
  189:      44238     44420     43911     43653     42847     43082     42968
  196:      42923     42669     42218     41954     41538     41431     40876
  203:      40801     40649     40756     40066     40105     39721     39435
  210:      39161     39343     38813     38606     38787     38211     38185
  217:      38033     37529     37390     37200     37062     37396     36746
  224:      36940     36348     36615     35944     36376     36059     35653
  231:      35882     35444     35489     35197     35497     35367     35433
  238:      35241     35108     35054     34963     35374     35003     34877
  245:      34891     35159     34572     34765     34446     34946     34869
  252:      34698     34732     34570     34305     34814     34292     34409
  259:      34114     34072     34276     34118     33626     33666     33405
  266:      33162     32922     32885     32455     32022     31819     31621
  273:      31421     31348     30642     30248     30324     29846     29514
  280:      29395     29068     28806     28145     28133     27824     27709
  287:      27099     26870     26777     26207     25995     25933     25561
  294:      25624     25049     24964     24801     24423     23975     23990
  301:      23753     23397     23456     23112     22899     23069     22335
  308:      22674     22290     22321     22139     21702     21854     21822
  315:      21638     21405     21491     21098     21266     20963     20763
  322:      20948     20447     20232     20307     20341     20345     19898
  329:      19716     19671     19737     19845     19314     19162     19197
  336:      18963     18920     18792     18529     18301     18121     18078
  343:      17520     17749     17477     17325     17271     17221     16938
  350:      16664     16466     16541     16202     16070     15722     15939
  357:      15579     15669     15334     15399     15135     14913     14795
  364:      14833     14288     14333     14299     14243     14126     13776
  371:      14020     13734     13392     13218     13311     13257     13224
  378:      13031     13160     12808     12831     12729     12708     12540
  385:      12441     12726     12424     11912     12157     12293     12049
  392:      11919     11703     11716     11938     11499     11539     11388
  399:      11441     11241     11213     11287     11075     11069     10965
  406:      11005     10814     10660     10797     10688     10340     10324
  413:      10512     10220      9991      9927     10077      9814      9862
  420:       9955      9654      9703      9512      9617      9295      9370
  427:       9316      9133      9086      9156      8978      8730      8939
  434:       8713      8668      8649      8624      8484      8516      8524
  441:       8394      8393      8229      8144      8063      8157      8027
  448:       7975      7929      7967      8000      7798      7731      7838
  455:       7713      7704      7735      7888      7529      7850      7430
  462:       7404      7558      7518      7617      7455      7496      7327
  469:       7442      7299      7401      7171      7304      7066      7176
  476:       7230      7037      7020      7071      7077      7024      6694
  483:       6843      6944      6698      6828      6688      6669      6567
  490:       6618      6541      6519      6381      6430      6125      6272
  497:       6267      6184      6106      6001      5905      5865      5811
  504:       5812      5807      5783      5748      5554      5552      5417
  511:       5394      5391      5367      5329      5311      5278      5177
  518:       5270      5116      5214      5072      4948      4925      4846
  525:       4845      4837      4795      4623      4847      4669      4807
  532:       4714      4560      4512      4668      4471      4516      4412
  539:       4350      4449      4259      4309      4272      4346      4201
  546:       4317      4108      4129      4222      4222      4060      4237
  553:       4047      4044      4054      4207      4000      4121      3948
  560:       3992      3943      4052      3925      3881      3825      3803
  567:       3852      3806      3667      3850      3746      3721      3687
  574:       3695      3646      3720      3583      3682      3610      3546
  581:       3434      3570      3555      3566      3509      3456      3507
  588:       3407      3428      3359      3417      3383      3330      3350
  595:       3352      3177      3340      3376      3313      3300      3262
  602:       3269      3274      3138      3158      3160      3084      3161
  609:       3087      3207      3062      3057      3069      3125      2956
  616:       3006      3091      3011      3021      3115      2974      3002
  623:       2986      2910      2926      2977      2966      2923      2928
  630:       2714      2847      2874      2849      2793      2804      2841
  637:       2836      2857      2823      2749      2748      2712      2666
  644:       2758      2810      2735      2727      2825      2675      2687
  651:       2554      2697      2747      2658      2608      2670      2669
  658:       2676      2629      2766      2683      2617      2594      2593
  665:       2617      2678      2449      2629      2481      2590      2576
  672:       2641      2545      2680      2546      2520      2589      2592
  679:       2530      2573      2506      2554      2403      2534      2546
  686:       2553      2531      2466      2565      2433      2531      2440
  693:       2498      2365      2454      2453      2487      2377      2454
  700:       2514      2437      2406      2454      2395      2358      2471
  707:       2391      2445      2376      2355      2340      2338      2343
  714:       2317      2268      2405      2333      2404      2351      2308
  721:       2315      2350      2335      2239      2319      2295      2307
  728:       2266      2249      2241      2255      2289      2349      2269
  735:       2329      2264      2306      2179      2225      2241      2333
  742:       2220      2266      2295      2276      2270      2218      2305
  749:       2296      2371      2264      2263      2329      2340      2377
  756:       2347      2392      2452      2333      2442      2435      2509
  763:       2366      2455      2429      2441      2585      2573      2575
  770:       2696      2644      2687      2663      2803      2755      2743
  777:       2780      2689      2820      2816      2856      2974      3007
  784:       2996      3063      3011      3063      3136      3120      3210
  791:       3200      3238      3351      3383      3378      3333      3570
  798:       3464      3394      3499      3508      3621      3728      3643
  805:       3729      3791      3717      3881      3745      3805      3859
  812:       3810      3826      3925      3977      4003      3909      4089
  819:       4032      4126      4032      4075      4105      4191      4025
  826:       4145      4169      4020      4068      4132      4142      4116
  833:       4011      4063      4215      4126      4059      4074      4103
  840:       4143      3997      4007      4020      3937      3877      3958
  847:       4000      3857      3855      3839      3849      3723      3746
  854:       3740      3762      3615      3584      3656      3452      3501
  861:       3424      3400      3433      3255      3308      3286      3302
  868:       3198      3180      3008      3112      2944      2922      2866
  875:       2822      2896      2818      2788      2660      2648      2648
  882:       2622      2496      2547      2472      2417      2401      2197
  889:       2208      2324      2198      2224      2087      2046      2060
  896:       2031      1991      1991      1947      1912      1916      1845
  903:       1886      1757      1724      1706      1681      1728      1599
  910:       1643      1533      1528      1490      1601      1522      1440
  917:       1408      1488      1442      1407      1349      1366      1370
  924:       1321      1360      1245      1222      1245      1227      1173
  931:       1246      1187      1187      1150      1165      1114      1166
  938:       1124      1107      1133      1118      1050      1115      1061
  945:       1034      1056      1029      1070      1038      1044      1030
  952:       1021      1011       993       985       940      1000      1014
  959:       1000       966       954       991       958       969       946
  966:        963       960       920       956      1005       973       924
  973:        950       977       938       922       954       928       930
  980:        913       936       935       964       940       935       938
  987:        940       964       917       943       918       128         2
  994:          2         0         0         0         0         0         0
 1001:          0         0         0         0         0         0         0
 1008:          0         0         0         0         0         0         0
 1015:          0         0         0         0         0         0         0
 1022:          0         0