
Maestro spectrum printed on 2/9/2022 at 4:49:47 PM
>PC60-26852 Easy-MCA-2k SN 11333505                                              
    0:          0         0         0         0         0         0         0
    7:          0         0         0         0         0         0         0
   14:          0         0         0         0         0         0         1
   21:         19      1983      1633      1067       733       479       366
   28:        271       196       189       157       144       155       155
   35:        146       155       185       199       170       168       171
   42:        193       196       202       186       203       165       195
   49:        195       201       188       191       199       186       200
   56:        181       191       189       214       197       232       210
   63:        222       211       239       237       222       248       290
   70:        252       275       265       276       288       280       300
   77:        360       354       326       355       345       369       400
   84:        390       379       411       392       430       429       488
   91:        494       489       500       518       528       569       534
   98:        580       606       641       628       658       664       683
  105:        729       691       709       735       776       764       697
  112:        767       736       799       729       754       790       781
  119:        794       761       766       769       786       831       740
  126:        797       802       769       736       803       735       762
  133:        790       742       746       745       774       722       736
  140:        771       752       761       751       739       725       703
  147:        766       733       786       703       711       732       748
  154:        743       702       791       742       760       700       762
  161:        678       732       700       686       715       750       744
  168:        726       714       693       701       714       712       686
  175:        671       735       683       647       665       666       649
  182:        716       662       727       669       634       611       695
  189:        628       623       644       658       652       650       611
  196:        634       649       646       591       608       646       574
  203:        622       631       638       597       636       604       554
  210:        553       584       562       568       566       569       564
  217:        532       554       570       546       526       554       523
  224:        564       564       556       552       524       564       544
  231:        522       476       516       554       485       531       508
  238:        540       486       526       491       513       511       510
  245:        487       437       488       471       471       479       465
  252:        481       484       508       490       487       410       449
  259:        435       482       413       424       412       426       458
  266:        454       451       427       454       384       430       401
  273:        450       411       411       427       434       380       372
  280:        393       386       357       349       361       375       393
  287:        372       338       320       334       316       326       340
  294:        332       362       362       333       317       296       297
  301:        292       309       303       311       310       282       313
  308:        300       284       307       276       292       293       297
  315:        280       276       274       308       241       270       246
  322:        304       265       296       306       263       271       303
  329:        266       247       256       273       293       253       269
  336:        254       266       245       234       252       244       248
  343:        262       252       241       234       183       237       243
  350:        226       209       234       237       234       221       223
  357:        218       184       223       206       191       189       201
  364:        228       191       208       207       182       199       197
  371:        213       213       181       185       217       183       178
  378:        183       196       165       185       193       180       172
  385:        163       152       145       183       185       188       171
  392:        165       171       185       170       176       180       183
  399:        160       151       175       159       144       152       176
  406:        175       161       156       175       153       172       156
  413:        167       153       144       151       177       158       148
  420:        154       139       159       155       146       162       156
  427:        169       126       152       153       132       143       132
  434:        175       146       134       149       130       122       134
  441:        146       149       140       143       139       156       149
  448:        157       143       145       141       150       161       141
  455:        168       164       150       126       164       153       168
  462:        154       163       174       161       197       172       190
  469:        144       171       169       176       154       171       180
  476:        186       205       184       186       172       169       201
  483:        208       195       185       191       200       189       187
  490:        195       186       234       197       219       189       223
  497:        220       187       208       219       228       247       215
  504:        222       223       219       244       209       232       230
  511:        248       223       228       211       233       213       262
  518:        220       223       236       242       224       235       225
  525:        213       247       210       194       242       202       214
  532:        199       238       208       248       206       191       201
  539:        205       212       207       204       195       183       172
  546:        192       167       193       167       181       156       189
  553:        163       150       194       150       129       142       139
  560:        132       147       134       155       160       147       134
  567:        130       130       122        95       122       107       103
  574:        123       102       105        96       100       111        93
  581:         98       108        85        89       101       107        76
  588:         93        73        82        72        67        73        85
  595:         71        59        63        63        52        64        62
  602:         63        63        60        61        58        60        50
  609:         60        55        46        56        40        53        47
  616:         45        55        45        42        59        36        68
  623:         50        52        46        46        33        56        52
  630:         47        42        56        43        34        41        48
  637:         42        37        40        35        45        42        37
  644:         40        36        41        29        35        36        38
  651:         43        36        37        50        37        26        39
  658:         26        31        34        38        36        33        27
  665:         41        44        39        23        37        39        39
  672:         31        32        38        32        28        29        35
  679:         35        30        41        32        36        28        31
  686:         34        26        39        33        30        32        25
  693:         28        29        22        29        34        29        38
  700:         36        29        40        32        23        22        26
  707:         27        34        23        28        21        23        22
  714:         31        34        27        28        18        24        19
  721:         25        28        27        25        20        34        25
  728:         33        18        23        20        22        22        29
  735:         25        19        25        22        25        22        34
  742:         22        20        25        33        24        24        27
  749:         29        24        33        19        31        25        29
  756:         26        31        28        20        18        29        22
  763:         25        33        18        35        23        30        23
  770:         34        31        21        16        23        18        29
  777:         27        32        20        25        29        28        16
  784:         26        26        24        26        20        17        27
  791:         23        27        25        22        32        23        28
  798:         30        21        27        34        32        31        32
  805:         34        22        17        29        26        11        30
  812:         23        23        29        35        24        34        32
  819:         26        30        19        28        14        32        20
  826:         29        21        33        22        28        16        29
  833:         23        17        33        24        29        22        29
  840:         27        24        30        23        24        25        25
  847:         25        24        25        15        10        21        29
  854:         21        24        25        20        25        15        24
  861:         26        23        17        22        17        19        19
  868:         23        23        16        18        12        17        21
  875:         28        23        18        18        17        19        20
  882:         22        19        22        19        23        26        11
  889:          9        17        16        15        15        16        17
  896:         12        18        14        17        14        14         9
  903:         17        11        13        15        21        10        16
  910:          7        15        15        18        23        15        17
  917:         22        14        13        11        12        15        13
  924:         13        11        15        27        22        20        16
  931:          9        12        14        10         9        20        15
  938:         27         8        14        12        16        20        14
  945:          7        13        14         8         9        13        10
  952:         11        15        17        12        15        10         8
  959:         17        14        11         8        17        15        17
  966:         13        16        14        19        12        16        12
  973:         11        14        13         5        12        19        14
  980:         12        12        14        15        15        14        17
  987:         12        10        11         7        13         3         0
  994:          0         0         0         0         0         0         0
 1001:          0         0         0         0         0         0         0
 1008:          0         0         0         0         0         0         0
 1015:          0         0         0         0         0         0         0
 1022:          0         0