
Maestro spectrum printed on 2/9/2022 at 4:27:31 PM
>PC60-26852 Easy-MCA-2k SN 11333505                                              
    0:          0         0         0         0         0         0         0
    7:          0         0         0         0         0         0         0
   14:          0         0         0         0         0         0         0
   21:         13      1865      1350       802       560       373       293
   28:        238       199       210       158       171       173       150
   35:        140       173       168       163       198       167       204
   42:        174       190       174       216       213       196       194
   49:        210       187       216       194       200       214       215
   56:        203       203       184       224       209       215       216
   63:        234       229       231       246       242       271       253
   70:        260       282       278       290       303       290       319
   77:        315       312       326       347       379       397       378
   84:        394       372       410       382       459       437       446
   91:        479       501       532       596       539       543       609
   98:        617       627       621       679       608       618       657
  105:        701       731       691       772       722       745       769
  112:        762       807       793       782       775       817       774
  119:        819       785       748       807       807       773       803
  126:        825       779       804       778       806       763       755
  133:        790       804       750       679       723       820       757
  140:        791       746       764       749       773       751       742
  147:        778       729       765       731       736       732       728
  154:        687       736       723       743       730       754       766
  161:        739       739       732       758       717       710       698
  168:        698       750       743       724       645       689       734
  175:        711       729       689       698       656       714       688
  182:        636       659       716       689       677       667       634
  189:        719       647       660       641       618       625       653
  196:        609       617       595       686       617       609       591
  203:        570       599       599       603       568       585       541
  210:        532       526       560       573       592       595       582
  217:        570       563       536       520       561       519       580
  224:        510       549       548       540       527       566       501
  231:        504       540       549       525       493       510       512
  238:        495       531       527       495       505       502       515
  245:        475       487       480       494       477       460       518
  252:        487       472       461       497       465       438       471
  259:        458       483       477       472       453       445       417
  266:        430       429       470       428       415       403       436
  273:        439       423       440       412       408       410       427
  280:        377       396       390       425       348       384       384
  287:        389       402       383       363       376       369       298
  294:        363       341       341       289       308       349       334
  301:        339       315       295       324       337       321       295
  308:        303       271       282       323       285       315       285
  315:        323       269       261       276       309       246       282
  322:        257       281       321       263       272       302       300
  329:        306       278       273       246       254       297       261
  336:        248       263       266       270       261       256       248
  343:        216       242       241       214       209       237       245
  350:        240       233       198       224       213       222       194
  357:        225       237       231       225       210       257       190
  364:        166       211       224       194       194       195       215
  371:        173       168       187       216       211       199       183
  378:        189       183       197       144       189       177       190
  385:        179       181       170       177       189       153       163
  392:        164       176       183       188       184       184       170
  399:        176       188       166       140       180       165       195
  406:        152       164       144       151       180       158       151
  413:        157       165       162       147       166       127       158
  420:        170       155       146       151       162       148       142
  427:        140       141       129       135       158       132       130
  434:        132       155       151       131       155       133       159
  441:        159       131       139       130       137       141       118
  448:        134       138       157       137       134       132       126
  455:        139       141       109       124       135       131       134
  462:        137       136       130       130       122       126       147
  469:        140       138       124       125       140       142       136
  476:        138       155       153       142       127       153       150
  483:        135       150       152       137       136       149       154
  490:        151       142       146       166       156       146       138
  497:        149       161       141       137       159       142       161
  504:        172       153       143       143       154       166       164
  511:        162       210       156       179       164       166       197
  518:        177       209       196       204       186       200       177
  525:        187       203       213       240       214       202       211
  532:        192       200       216       226       219       228       217
  539:        220       237       207       223       223       214       243
  546:        229       238       236       236       232       199       224
  553:        212       226       219       237       226       245       207
  560:        197       229       201       228       237       223       221
  567:        226       199       199       208       193       204       194
  574:        173       199       180       169       171       178       189
  581:        171       168       171       187       177       157       151
  588:        143       152       169       147       140       127       107
  595:        125       141       147       141       117       129       115
  602:        118       131       121       118       101        87        89
  609:        109       105       111        94        81        88        82
  616:         88        81        89        89        80        68        60
  623:         71        72        57        68        65        66        76
  630:         61        72        63        62        64        57        48
  637:         66        66        59        43        45        58        51
  644:         56        61        59        45        47        41        46
  651:         40        41        37        51        44        46        47
  658:         45        44        59        39        33        33        41
  665:         37        46        42        43        31        34        38
  672:         49        36        34        25        41        29        54
  679:         27        44        38        24        36        32        30
  686:         31        27        23        34        33        26        40
  693:         35        33        31        38        27        28        45
  700:         32        33        28        33        34        29        28
  707:         24        30        29        28        29        35        31
  714:         21        25        27        22        28        33        22
  721:         26        32        46        23        21        32        27
  728:         17        36        34        25        25        20        23
  735:         26        32        21        21        24        22        24
  742:         16        21        31        24        24        17        20
  749:         26        36        21        23        33        24        26
  756:         22        21        26        35        19        30        26
  763:         18        26        19        23        16        21        28
  770:         27        30        39        26        26        29        26
  777:         23        12        22        26        31        34        26
  784:         34        33        29        17        28        28        29
  791:         31        28        32        27        25        29        22
  798:         25        27        31        25        21        27        31
  805:         21        32        20        38        27        30        35
  812:         24        26        23        31        20        26        33
  819:         23        29        25        28        30        24        17
  826:         24        32        28        18        28        22        19
  833:         19        36        27        29        27        14        28
  840:         24        20        27        27        19        20        29
  847:         22        18        23        27        22        16        19
  854:         22        22        26        18        16        16        22
  861:         17        15        18        21        10        23        19
  868:         14        22        18        11        21        15        16
  875:         15         8        14        13        20        12        24
  882:         21        22        23        11        24        17        18
  889:         18        18        16        15        22        12        10
  896:         15        16         9        16        21        16        17
  903:         15        12        17        14        21        16         9
  910:         14        12        18         9        23        19        14
  917:         18        14         8        10        13        10        12
  924:         13        10        16        21        12        11        13
  931:         12        18        10        16        16        12         8
  938:          8        15        14        13        13         9        14
  945:         16        13        10        15        11        18         9
  952:         16        18        11        15        21        10        15
  959:         12        22        15        17        13        19        18
  966:          6        11        21        19        14        13        15
  973:         15        14        11        11        15        17         6
  980:          6         6         6        14        15        16        12
  987:         15        14         4        26        15         1         0
  994:          0         0         0         0         0         0         0
 1001:          0         0         0         0         0         0         0
 1008:          0         0         0         0         0         0         0
 1015:          0         0         0         0         0         0         0
 1022:          0         0