
Maestro spectrum printed on 2/2/2022 at 4:22:32 PM
>PC60-26852 Easy-MCA-2k SN 11333505                                              
    0:          0         0         0         0         0         0         1
    7:          0         0         0         0         0         0         0
   14:          0         0         0         0         0         0         0
   21:         40      3097      6512      9529      9023      5490      2258
   28:        886       510       389       333       234       228       232
   35:        228       231       232       240       229       225       249
   42:        256       238       264       242       259       267       291
   49:        321       420       996      2691      6329      9524      8810
   56:       5248      2100       891       514       394       329       303
   63:        278       265       289       300       226       287       251
   70:        308       331       240       301       324       324       304
   77:        302       309       326       336       343       341       349
   84:        361       391       378       383       369       446       424
   91:        427       393       440       428       429       470       491
   98:        485       495       483       525       499       507       575
  105:        598       573       530       575       616       615       593
  112:        625       604       617       631       585       630       644
  119:        619       658       613       617       625       632       595
  126:        614       585       586       644       592       631       579
  133:        635       613       619       589       572       541       622
  140:        580       598       626       590       599       613       596
  147:        610       601       583       605       571       609       566
  154:        596       596       547       584       564       588       570
  161:        570       577       528       619       571       594       569
  168:        575       562       612       585       580       626       544
  175:        536       561       600       578       539       525       560
  182:        548       545       528       589       528       531       504
  189:        548       510       512       542       533       528       545
  196:        550       505       513       521       525       525       510
  203:        556       522       524       508       548       519       508
  210:        501       475       474       560       485       494       472
  217:        492       467       503       454       462       474       517
  224:        488       484       505       556       488       467       476
  231:        518       488       495       463       434       501       484
  238:        522       488       475       509       490       515       516
  245:        522       489       509       533       487       475       524
  252:        491       465       469       518       549       519       531
  259:        527       548       508       560       551       552       582
  266:        538       547       564       522       542       528       545
  273:        535       535       516       552       484       504       507
  280:        504       538       518       500       534       526       461
  287:        503       466       460       447       458       486       471
  294:        437       453       452       501       452       469       429
  301:        435       455       468       451       417       428       438
  308:        436       455       380       403       422       416       383
  315:        386       410       422       399       383       395       422
  322:        360       379       390       384       407       341       378
  329:        385       371       355       382       311       361       329
  336:        377       361       352       357       334       330       350
  343:        344       280       320       317       328       317       347
  350:        312       321       336       336       310       318       284
  357:        294       349       330       303       302       297       274
  364:        302       295       261       300       289       253       274
  371:        302       298       264       261       281       320       227
  378:        254       270       276       230       257       262       268
  385:        263       271       280       230       261       216       226
  392:        257       241       269       290       252       271       257
  399:        250       258       241       255       242       252       246
  406:        238       266       252       237       239       246       267
  413:        231       232       251       237       168       246       214
  420:        242       223       229       236       209       238       198
  427:        233       230       239       212       199       257       226
  434:        223       221       204       234       247       198       226
  441:        239       244       218       167       222       202       223
  448:        214       224       218       212       233       219       218
  455:        200       230       216       229       208       193       171
  462:        223       230       229       221       206       227       212
  469:        226       197       189       201       189       220       202
  476:        231       214       184       196       192       216       214
  483:        223       193       207       238       203       202       199
  490:        207       174       235       213       186       191       199
  497:        205       189       196       197       204       172       182
  504:        198       204       187       193       173       197       176
  511:        227       185       185       195       166       170       180
  518:        212       191       226       196       172       211       191
  525:        197       194       193       194       179       204       187
  532:        182       181       184       170       197       186       182
  539:        212       187       197       169       186       203       186
  546:        157       183       168       176       180       159       188
  553:        154       180       179       169       167       186       163
  560:        184       162       171       165       156       163       162
  567:        180       190       146       177       174       144       191
  574:        181       159       157       180       154       144       181
  581:        176       160       169       163       173       146       158
  588:        165       170       172       153       166       164       170
  595:        169       171       145       156       149       166       163
  602:        141       141       157       143       154       131       133
  609:        131       131       144       146       151       135       137
  616:        138       116       149       126       161       127       141
  623:        136       130       135       127       146       109       145
  630:        126       130       147       108       137       140       119
  637:        120       135       129       141       116       128       124
  644:        140       111       124       123       121       121       127
  651:        124       125       117       115       141       122       133
  658:        123       104       119       134       109       113       110
  665:        114       105       131       137       113       111        92
  672:        124       131       132       112       122       128       115
  679:        128       109       125       119       121        90       131
  686:        101       123       123       136       128        93       106
  693:        123       123        91        96       114       111       113
  700:        146       100       122       129       125       116       123
  707:        115       119       125       132       124       130       131
  714:        113       126       115       108       126       122       122
  721:        128       116       135       142       119       130       128
  728:        105       135       121       125       135       108       135
  735:        135       151       118       128       150       136       116
  742:        134       138       147       120       137       135       126
  749:        131       153       152       124       140       147       147
  756:        153       159       179       130       156       136       163
  763:        144       158       147       166       167       146       164
  770:        165       179       170       177       167       187       185
  777:        174       181       174       174       178       172       179
  784:        191       161       224       214       202       232       226
  791:        216       204       216       219       208       225       237
  798:        214       232       231       224       235       268       259
  805:        249       228       246       268       258       265       298
  812:        257       264       274       285       306       276       296
  819:        288       289       285       285       315       306       290
  826:        307       317       317       307       322       320       308
  833:        333       333       349       348       328       325       367
  840:        391       363       375       340       377       355       382
  847:        411       381       374       389       396       369       375
  854:        384       406       403       421       389       436       429
  861:        438       398       401       425       395       414       446
  868:        402       431       427       382       391       428       422
  875:        408       399       406       392       403       396       415
  882:        376       373       419       395       377       383       383
  889:        363       371       367       390       325       375       348
  896:        315       356       311       322       282       318       322
  903:        291       240       272       289       277       252       264
  910:        271       266       263       243       246       220       213
  917:        238       222       198       215       183       194       210
  924:        190       168       169       157       159       147       146
  931:        127       128       131       140       118       116       107
  938:         82        91       110        89        75        72        95
  945:         76        78        81        67        66        57        45
  952:         45        57        63        46        40        29        32
  959:         38        30        29        26        23        23        25
  966:         35        19        26        23        21        28        23
  973:         21        20        14        14        13        10        25
  980:          8        13        15        11         9        13        12
  987:         14         6        11         9         4         0         0
  994:          0         0         0         0         0         0         0
 1001:          0         0         0         0         0         0         0
 1008:          0         0         0         0         0         0         0
 1015:          0         0         0         0         0         0         0
 1022:          0         0