
Maestro spectrum printed on 2/2/2022 at 3:50:40 PM
>PC60-26852 Easy-MCA-2k SN 11333505                                              
    0:          0         0         0         0         0         0         0
    7:          0         0         0         0         0         0         0
   14:          0         0         0         0         0         0         0
   21:         16      1276      1436      2295      3769      4603      3758
   28:       1933       925       489       279       251       168       141
   35:        124       114       110       123       128       125       118
   42:        100       109       115       119       126       176       207
   49:        233       268       562      1427      3118      4427      4257
   56:       2537      1092       515       332       236       172       144
   63:        144       151       156       122       144       126       143
   70:        140       151       140       174       160       167       151
   77:        151       158       172       160       169       165       201
   84:        193       186       240       188       204       183       198
   91:        212       207       228       209       231       239       226
   98:        261       249       287       233       275       281       245
  105:        268       260       283       291       283       270       294
  112:        288       310       312       304       301       307       312
  119:        332       333       284       318       307       320       332
  126:        314       325       321       277       282       308       311
  133:        291       298       291       302       330       301       277
  140:        281       318       304       283       290       299       300
  147:        321       286       303       298       277       279       256
  154:        272       337       324       291       265       282       315
  161:        306       341       289       295       282       305       286
  168:        291       270       278       274       277       311       289
  175:        305       284       271       295       265       277       286
  182:        277       282       301       276       307       284       265
  189:        268       277       259       233       255       285       287
  196:        256       253       288       293       245       259       280
  203:        247       256       249       278       265       276       261
  210:        270       267       266       245       238       231       243
  217:        255       242       269       249       232       239       265
  224:        250       253       238       264       224       245       249
  231:        242       251       283       271       260       279       246
  238:        265       276       275       255       234       274       248
  245:        246       265       258       256       258       222       261
  252:        297       260       245       255       269       270       288
  259:        285       286       285       214       274       261       270
  266:        272       273       266       241       261       257       242
  273:        268       264       242       263       259       254       237
  280:        240       273       239       253       244       254       232
  287:        222       238       255       240       204       227       242
  294:        217       251       242       237       227       222       202
  301:        221       210       230       224       204       194       203
  308:        209       184       197       184       217       200       214
  315:        198       207       182       181       208       190       212
  322:        195       192       185       173       156       167       179
  329:        176       161       192       195       175       177       171
  336:        169       166       175       169       172       182       169
  343:        152       175       161       169       149       171       168
  350:        165       162       139       153       166       175       159
  357:        138       142       146       155       148       155       142
  364:        149       129       142       138       155       153       121
  371:        152       140       141       153       127       130       120
  378:        137       129       114       120       133       151       137
  385:        122       139       131       122       135       136       123
  392:        139       122       116       128       139       123       123
  399:        121       123       121       112       136       127       116
  406:        113       118       123       111       147       107       146
  413:        111       112       123       114       110       123       134
  420:        128        99       118       109       116       103       114
  427:        122        93       132       111       125       109       119
  434:        118       141       109       133       120       115       110
  441:        115       104        89       109       109       117        95
  448:         96       114       123       118        99       102       109
  455:         97       119       115       114       110       109        94
  462:        107        99       111        96        98       100       110
  469:        111       108       117       109       106        85        93
  476:        100        99        97       101       100        93       103
  483:        109       100       100       112       106        78       112
  490:         92        89       101        98        90       109        89
  497:        104        72        99       101        98       108        97
  504:         96       104       100        91        99        87        90
  511:         88       103       125        94        97        96       107
  518:         88       103        83        82        95        84        94
  525:         85       109        80        95       103        84        99
  532:        102        73        88        85        84        92        92
  539:         78        90        84        98        85        84        92
  546:         99        95       107       100        93        76        78
  553:         92        96        78        92        81        91        74
  560:         99        77        93        81        99        85        92
  567:         83        84        82        76        82        89       106
  574:         72        82        90        78        84        76        84
  581:         80        72        74        61        69        80        92
  588:         79        72        74        79        90        69        82
  595:         60        78        79        74        68        72        70
  602:         74        70        76        84        69        65        67
  609:         64        77        80        72        77        66        56
  616:         86        56        59        65        65        84        66
  623:         72        74        68        62        64        55        70
  630:         46        84        55        62        61        55        50
  637:         62        67        67        55        59        41        69
  644:         60        52        63        63        50        59        74
  651:         56        55        66        49        67        38        48
  658:         53        51        49        62        61        69        54
  665:         59        65        58        61        66        51        57
  672:         59        44        61        50        62        49        57
  679:         64        58        55        57        59        54        59
  686:         52        48        48        64        60        58        63
  693:         62        52        51        58        53        60        51
  700:         52        59        58        62        57        61        64
  707:         52        63        63        67        51        64        67
  714:         44        72        64        70        69        74        60
  721:         70        62        64        59        69        65        70
  728:         62        61        68        59        64        74        57
  735:         62        66        68        64        66        80        76
  742:         64        71        61        70        71        73        79
  749:         83        76        69        66        84        77        97
  756:         63        63        64        84        79        78        81
  763:         82        84        72        96        89        80        93
  770:         76        83        68        79        79        92       100
  777:        101        85       102        71        92        81       100
  784:         86       116       119       101       114       106       100
  791:        118        90       106        98       123       100       124
  798:        113       112       118       126       138       125       117
  805:        140       131       124       116       129       145       135
  812:        144       147       138       144       126       150       161
  819:        142       157       159       146       152       134       160
  826:        177       148       188       158       172       158       169
  833:        178       180       168       186       185       196       175
  840:        185       179       167       194       180       205       198
  847:        197       191       196       188       183       195       220
  854:        203       197       184       194       202       184       216
  861:        201       194       200       226       186       209       233
  868:        208       190       196       181       176       182       193
  875:        223       176       187       182       201       198       193
  882:        184       183       184       176       190       180       160
  889:        196       166       194       183       180       181       172
  896:        175       164       154       168       157       138       155
  903:        155       139       133       134       135       141       145
  910:        150       143       131       104       112       116       115
  917:         95       100       103       105       104        74        92
  924:         94        89        81        79        80        58        65
  931:         66        71        56        59        60        57        65
  938:         59        56        62        53        34        38        32
  945:         34        31        32        45        31        38        46
  952:         24        30        25        31        17        21        18
  959:         23        22        13        17        13        15        11
  966:         16        15        14        13        12        13        13
  973:          4         3        11         7         3         9         8
  980:          4         8         4         6         9         5        10
  987:          2         6         5         4         2         1         0
  994:          0         0         0         0         0         0         0
 1001:          0         0         0         0         0         0         0
 1008:          0         0         0         0         0         0         0
 1015:          0         0         0         0         0         0         0
 1022:          0         0