
Maestro spectrum printed on 2/2/2022 at 3:21:51 PM
>PC60-26852 Easy-MCA-2k SN 11333505                                              
    0:          0         0         0         1         0         0         0
    7:          0         0         0         0         0         0         0
   14:          0         1         0         0         0         0         0
   21:         92     10776     12503     17920     27022     31901     25933
   28:      14175      6306      2948      1698      1230      1037       931
   35:        902       765       769       770       817       783       813
   42:        837       852       856       838       941       947       916
   49:       1146      1978      5195     13792     26059     32449     25769
   56:      13822      5543      2495      1573      1120       978       924
   63:        874       925       941       890       925       931       908
   70:        974       984       961       940       978      1058      1052
   77:       1099      1098      1050      1097      1148      1151      1206
   84:       1227      1305      1282      1279      1303      1344      1388
   91:       1448      1438      1503      1451      1607      1550      1635
   98:       1644      1656      1790      1762      1821      1745      1909
  105:       1878      1974      1970      1952      1982      1969      2108
  112:       2008      2032      2086      2055      2209      2099      2200
  119:       2142      2111      2182      2142      2060      2111      2157
  126:       2160      2134      2190      2170      2069      2124      2125
  133:       2101      2041      2117      2057      2063      2038      2048
  140:       1988      2031      1983      2042      2084      2003      2060
  147:       1982      2059      1964      2004      1947      2021      1997
  154:       1995      2007      1997      1986      1980      1980      1983
  161:       1988      2100      2117      2015      2066      1969      2094
  168:       2019      1981      1949      2006      1990      2048      1974
  175:       1952      2031      1934      1980      2035      1960      1949
  182:       1930      1862      1882      1929      1834      1845      1808
  189:       1917      1806      1826      1818      1800      1901      1846
  196:       1840      1770      1791      1805      1813      1808      1793
  203:       1808      1781      1739      1765      1766      1759      1688
  210:       1783      1735      1696      1711      1705      1734      1696
  217:       1685      1689      1710      1763      1653      1807      1690
  224:       1715      1705      1637      1678      1730      1670      1674
  231:       1674      1716      1730      1628      1645      1745      1639
  238:       1699      1693      1719      1661      1701      1675      1775
  245:       1689      1638      1730      1713      1693      1677      1818
  252:       1695      1752      1709      1741      1813      1772      1789
  259:       1786      1756      1851      1726      1843      1726      1766
  266:       1825      1793      1864      1815      1761      1841      1839
  273:       1837      1783      1806      1810      1821      1747      1771
  280:       1776      1773      1761      1793      1758      1659      1684
  287:       1693      1703      1723      1639      1653      1735      1618
  294:       1547      1618      1596      1623      1513      1541      1510
  301:       1509      1544      1495      1494      1467      1522      1529
  308:       1460      1440      1464      1459      1377      1487      1365
  315:       1486      1399      1448      1331      1336      1239      1297
  322:       1345      1325      1325      1303      1280      1194      1307
  329:       1256      1274      1303      1234      1222      1225      1195
  336:       1169      1191      1173      1234      1119      1189      1127
  343:       1138      1134      1135      1086      1057      1117      1091
  350:       1087      1112      1111      1079      1030      1006      1062
  357:        973      1033       994       989       967      1003      1031
  364:       1014      1038      1016       951      1035       957       971
  371:        998       996       969       903       919       941       961
  378:        902       933       900       961       875       824       874
  385:        896       883       868       866       916       944       869
  392:        916       872       831       879       888       875       830
  399:        866       852       809       818       856       842       809
  406:        784       800       803       777       789       776       843
  413:        809       788       858       839       810       792       758
  420:        789       826       807       792       748       775       782
  427:        771       784       776       751       796       715       755
  434:        771       785       774       763       749       728       727
  441:        724       760       700       700       710       711       777
  448:        768       697       736       712       701       703       725
  455:        708       715       711       721       703       724       723
  462:        723       684       766       712       727       698       726
  469:        733       700       713       761       779       701       726
  476:        759       720       675       671       702       682       639
  483:        688       729       718       707       752       704       700
  490:        675       728       707       701       691       660       663
  497:        663       663       615       633       705       677       693
  504:        659       686       670       661       707       629       617
  511:        645       609       661       625       634       657       649
  518:        625       639       642       588       604       595       635
  525:        616       610       653       602       685       679       651
  532:        647       633       623       627       602       650       640
  539:        619       610       655       628       618       605       652
  546:        619       600       606       640       608       683       616
  553:        619       625       577       613       585       585       556
  560:        596       582       612       636       588       601       556
  567:        584       589       560       584       598       571       535
  574:        571       543       557       565       583       605       528
  581:        542       561       586       578       554       559       532
  588:        543       529       586       531       529       529       549
  595:        534       518       537       542       547       549       533
  602:        535       493       497       499       483       496       546
  609:        507       467       483       481       569       529       478
  616:        498       518       459       468       486       467       478
  623:        450       489       468       481       417       468       477
  630:        462       434       412       460       451       438       441
  637:        412       427       427       418       477       457       434
  644:        439       409       441       431       396       421       418
  651:        433       446       411       421       444       403       430
  658:        454       417       423       418       413       392       373
  665:        435       413       408       410       409       401       379
  672:        419       403       390       380       411       372       377
  679:        382       393       396       381       396       388       379
  686:        418       379       363       353       441       376       395
  693:        377       356       424       385       387       376       401
  700:        403       418       391       408       341       375       397
  707:        426       413       417       441       414       418       388
  714:        398       405       408       434       403       421       429
  721:        371       433       436       429       433       388       403
  728:        437       428       440       423       454       468       400
  735:        439       458       468       461       462       451       453
  742:        434       443       456       492       459       474       429
  749:        420       468       490       454       448       475       459
  756:        482       484       542       465       507       539       519
  763:        542       538       523       511       520       573       569
  770:        546       516       540       545       595       589       553
  777:        588       600       597       589       609       596       647
  784:        653       606       663       684       638       632       670
  791:        732       644       697       732       723       700       778
  798:        770       814       727       754       747       755       801
  805:        794       826       791       827       867       838       828
  812:        924       853       888       874       941       949       894
  819:       1004       963       998       889      1032       980      1010
  826:       1011      1031      1056      1064      1012      1083      1171
  833:       1112      1125      1081      1136      1162      1160      1119
  840:       1255      1181      1167      1208      1246      1235      1245
  847:       1232      1265      1327      1324      1247      1304      1340
  854:       1286      1379      1369      1369      1333      1374      1371
  861:       1399      1379      1325      1443      1311      1455      1393
  868:       1430      1401      1326      1389      1440      1352      1462
  875:       1345      1400      1355      1346      1356      1498      1315
  882:       1302      1306      1307      1262      1298      1309      1254
  889:       1242      1302      1284      1240      1223      1290      1203
  896:       1212      1175      1155      1172      1102      1144      1105
  903:       1112      1091      1032      1026       945       968      1014
  910:       1008       988       927       922       869       878       909
  917:        829       839       831       795       751       752       713
  924:        679       709       637       646       668       602       575
  931:        557       611       540       513       464       454       401
  938:        451       418       453       380       337       378       356
  945:        343       327       295       286       297       292       264
  952:        262       210       247       204       204       200       194
  959:        168       162       181       148       130       137       116
  966:        123       105       106       105        95        83        79
  973:         88        80        93        75        62        63        67
  980:         55        51        43        49        45        47        50
  987:         48        31        45        47        37         7         2
  994:          1         0         1         0         0         0         0
 1001:          0         0         0         0         0         0         0
 1008:          0         0         0         0         0         0         0
 1015:          0         0         0         0         0         0         0
 1022:          0         0