
Maestro spectrum printed on 2/4/2022 at 3:51:44 PM
>PC60-26852 Easy-MCA-2k SN 11333505                                              
    0:          0         0         0         0         0         0         0
    7:          0         0         0         0         0         0         0
   14:          0         0         0         0         0         0         0
   21:         13       181       199       149       132       110        99
   28:        102       113       101        98       108        89       111
   35:        114       110       133       117       111       124       126
   42:        141       128       137       132       135       137       142
   49:        155       140       139       142       136       157       130
   56:        168       131       135       122       122       164       159
   63:        152       157       159       168       162       177       149
   70:        160       187       193       180       176       186       188
   77:        179       207       209       200       211       233       237
   84:        236       264       266       253       222       270       246
   91:        295       272       293       289       303       329       340
   98:        313       360       359       360       391       398       380
  105:        415       369       445       425       443       425       413
  112:        466       445       467       465       462       483       447
  119:        454       481       476       452       472       481       462
  126:        459       460       479       521       480       439       456
  133:        489       427       393       432       464       468       456
  140:        451       425       466       481       487       441       433
  147:        403       419       439       485       435       442       449
  154:        451       448       428       492       447       429       454
  161:        471       404       450       414       430       448       410
  168:        406       433       458       431       431       418       428
  175:        419       415       409       426       431       419       418
  182:        413       384       424       367       399       399       367
  189:        364       390       374       415       369       390       429
  196:        380       389       377       390       342       372       346
  203:        333       354       348       348       364       363       346
  210:        326       360       346       323       316       340       339
  217:        338       352       345       343       317       329       356
  224:        334       314       322       340       324       308       292
  231:        344       339       364       354       307       324       289
  238:        322       314       317       320       309       324       324
  245:        296       311       319       307       329       314       329
  252:        334       318       329       329       293       309       303
  259:        285       295       305       305       316       304       301
  266:        274       305       277       313       275       310       306
  273:        289       270       279       272       282       286       288
  280:        272       242       268       271       255       259       258
  287:        227       258       246       245       236       238       228
  294:        218       236       215       222       209       244       201
  301:        210       198       235       188       228       193       231
  308:        194       204       212       204       181       213       166
  315:        181       203       206       220       209       218       192
  322:        194       193       175       205       190       189       192
  329:        172       190       160       185       190       196       193
  336:        191       178       163       169       188       188       161
  343:        159       152       205       165       176       160       163
  350:        157       146       157       169       159       159       168
  357:        151       187       160       147       156       141       165
  364:        167       144       135       142       165       130       147
  371:        136       143       143       125       158       123       132
  378:        156       142       120       142       136       122       130
  385:        141       127       150       110       122       140       121
  392:        120       122       131       117       123       116       107
  399:        121       134       108       122       133       139       132
  406:        108       117       140       128       111       104       127
  413:        108       114       126       118       124       103        96
  420:        121       108       134       133       137       114       131
  427:        119       108       131       109       110       112       113
  434:        123        95       108       101       117       105       108
  441:        111        91        95       105       114       100       108
  448:        101       124       102       101        95       105        90
  455:        115       104       105       107       102        94        94
  462:         94       110       119       105        96        90       104
  469:        101       104       102       107        97        70        96
  476:        104       101       108       101        99       112        92
  483:         91       100        98        93       106        94       100
  490:         91        98       100        94        88        95       102
  497:         92        75        74        89        95       109        97
  504:         96        83        86        96        82        76        95
  511:         81        93        67        78        65        97        67
  518:         83        78        80        72        65        70        68
  525:         78        75        59        76        62        71        59
  532:         61        47        77        76        67        66        71
  539:         63        74        83        77        51        64        59
  546:         69        51        67        69        66        50        57
  553:         57        66        76        53        66        54        59
  560:         52        50        67        55        63        72        48
  567:         56        47        43        54        50        56        45
  574:         43        49        63        49        40        46        47
  581:         51        53        54        52        64        47        42
  588:         51        63        47        40        62        46        61
  595:         56        47        50        67        63        52        40
  602:         46        46        42        59        43        49        39
  609:         46        42        56        49        51        49        40
  616:         49        42        34        52        46        37        43
  623:         57        44        47        49        57        45        43
  630:         52        49        48        55        48        36        48
  637:         36        38        48        50        43        39        47
  644:         38        38        43        41        42        44        53
  651:         50        37        50        43        43        59        51
  658:         37        40        41        43        44        51        42
  665:         56        64        54        48        45        47        49
  672:         53        49        52        67        51        58        51
  679:         49        54        69        66        41        61        60
  686:         56        52        68        63        62        55        60
  693:         60        80        85        80        72        61        82
  700:         72        60        86        89        76        66        87
  707:         93        90        95        96        84       100       100
  714:        105       104       111       115       118       137       109
  721:        106       122       119       112       117       129       117
  728:        119       137       135       107       110       151       134
  735:        133       114       123       155       155       148       132
  742:        144       164       136       153       136       159       160
  749:        143       133       151       148       161       158       155
  756:        172       164       153       180       175       132       159
  763:        158       156       123       154       151       160       177
  770:        176       164       150       134       177       170       166
  777:        153       131       139       141       149       148       158
  784:        128       140       122       137       147       133       142
  791:        141       110       131       108       131       131       111
  798:        113       105       115        93       116        97       116
  805:         87       102       104       104        87        97        79
  812:         93        87        88        89        93        59        89
  819:         78        89        60        82        58        75        68
  826:         70        68        52        71        63        65        69
  833:         60        36        53        51        44        53        45
  840:         56        52        37        52        51        41        44
  847:         42        39        37        38        45        40        34
  854:         33        28        39        32        37        33        33
  861:         20        31        19        31        37        34        24
  868:         19        22        26        19        22        19        20
  875:         25        14        29        20        24        18        24
  882:         20        18        18        11        16        16        18
  889:         19        16        16        15        18        20        19
  896:         16        12        15        13        10        21        14
  903:         14        15        11        16        11        10        15
  910:          9        17        10        10         8        12        13
  917:          6        16        16        13        13        10         6
  924:         10         9         7        12        11         9        12
  931:          9        13        10         5         6        14         4
  938:         10         8        11         5        12        12        15
  945:         10        11         5        14        11        15        10
  952:         12         6         6         4         6         7        12
  959:          3        12         5         5        11        12         3
  966:          3         6         8         4        12         5        13
  973:          7         8         6         8        10         5         6
  980:          3         9        10         3         3         4         5
  987:          7         4        10         7         5         3         0
  994:          0         0         0         0         0         0         0
 1001:          0         0         0         0         0         0         0
 1008:          0         0         0         0         0         0         0
 1015:          0         0         0         0         0         0         0
 1022:          0         0