
Maestro spectrum printed on 2/7/2022 at 2:42:04 PM
>PC60-26852 Easy-MCA-2k SN 11333505                                              
    0:          0         0         0         0         0         0         0
    7:          0         0         0         0         0         0         0
   14:          0         0         0         1         0         1         1
   21:         30      3129      2163      1098       608       417       301
   28:        206       195       153       146       133       141       164
   35:        152       138       154       139       173       169       155
   42:        173       182       193       188       209       194       179
   49:        182       189       185       199       204       188       169
   56:        183       185       180       211       194       193       203
   63:        243       235       227       248       199       247       245
   70:        240       221       273       259       267       264       274
   77:        264       276       326       292       298       315       327
   84:        319       346       355       329       372       386       381
   91:        401       413       430       428       442       449       505
   98:        495       556       466       547       526       538       589
  105:        606       581       610       610       606       645       645
  112:        655       676       654       647       660       638       692
  119:        648       696       705       699       687       682       653
  126:        658       702       674       640       731       632       692
  133:        645       663       645       650       663       635       680
  140:        627       656       655       698       676       689       636
  147:        679       606       667       660       643       686       619
  154:        598       614       640       635       638       630       614
  161:        612       584       607       637       629       635       617
  168:        652       624       655       623       587       628       591
  175:        595       600       594       645       619       614       612
  182:        632       607       614       557       577       631       593
  189:        576       541       553       522       605       611       594
  196:        561       538       545       542       528       529       528
  203:        528       538       552       532       531       519       549
  210:        480       506       503       514       503       519       508
  217:        522       483       442       504       480       464       474
  224:        493       477       478       456       485       453       483
  231:        438       453       478       423       476       438       463
  238:        433       430       442       478       461       507       495
  245:        475       467       443       416       453       480       464
  252:        458       440       458       490       462       418       421
  259:        475       490       434       442       450       448       460
  266:        466       439       421       416       419       406       413
  273:        428       422       373       392       411       390       411
  280:        406       378       366       398       411       395       401
  287:        349       322       351       368       343       355       340
  294:        366       324       298       346       320       340       317
  301:        340       324       303       320       292       314       309
  308:        284       306       309       274       302       300       288
  315:        289       312       262       268       284       266       275
  322:        266       291       270       271       281       246       277
  329:        273       269       267       274       258       258       253
  336:        248       244       254       242       257       252       250
  343:        225       258       238       255       238       228       246
  350:        227       223       216       239       194       224       242
  357:        233       224       233       209       220       199       219
  364:        193       217       211       204       202       198       199
  371:        226       224       187       187       174       201       204
  378:        202       189       219       209       184       175       181
  385:        166       184       173       198       173       183       164
  392:        176       179       185       179       200       164       179
  399:        181       196       188       166       159       184       154
  406:        179       194       195       186       194       157       189
  413:        165       175       157       167       171       152       136
  420:        192       167       150       158       180       177       140
  427:        164       145       176       157       153       161       168
  434:        150       157       160       158       160       141       156
  441:        145       173       139       149       143       134       145
  448:        149       151       143       130       161       146       144
  455:        148       133       150       120       131       132       106
  462:        143       124       109       146       132       128       142
  469:        146       124        99       122       128       124       143
  476:        120       145       114       140       131       120       123
  483:        142       123       132       111       112       118       135
  490:        118       116       121       107       108       125       126
  497:        122       118       118        79        95       121       104
  504:        111        95       128       119       102       110       107
  511:         98        95       114        96        98        85       113
  518:         74        90        84        91       100        86       118
  525:         81        96        81        88        96       102       103
  532:         87        87        80       109        87        88        85
  539:         93        91        67        95       105        92        93
  546:         85        90        80        77        79        81        81
  553:         78        79        93        82        79        76        97
  560:         81        66        73        68        72        87        65
  567:         76        77        63        95        84        60        81
  574:         74        70        78        71        76        68        72
  581:         80        81        56        78        82        63        77
  588:         60        90        86        80        70        63        81
  595:         66        74        70        65        57        58        74
  602:         73        63        73        65        78        73        67
  609:         69        71        64        73        57        86        75
  616:         68        76        46        75        66        65        63
  623:         84        71        76        81        81        70        70
  630:         69        82        62        75        62        82        88
  637:         68        83        79        94        75        63        65
  644:         72        87        93        87        84        84        92
  651:         89       114        85        85        76        88        81
  658:         95        91       103       104       110       106       108
  665:         92       122       109       117       125       116       124
  672:        101       126       113       122       121       124       144
  679:        126       115       158       146       144       138       134
  686:        144       177       151       156       168       173       157
  693:        162       164       147       182       188       164       204
  700:        202       187       188       170       175       175       176
  707:        169       205       200       191       217       212       208
  714:        213       210       223       202       204       204       192
  721:        181       200       212       205       204       216       216
  728:        207       184       189       199       207       201       213
  735:        175       211       200       208       207       212       202
  742:        193       164       187       209       203       224       195
  749:        222       205       175       151       206       199       175
  756:        186       185       167       185       173       178       153
  763:        172       189       185       158       140       154       158
  770:        161       152       140       140       148       172       139
  777:        127       129       119       123       123       128       131
  784:        115       128       119        93       115        98        96
  791:        104        82        95        89        89        71        86
  798:         91        89        71        82        84        76        80
  805:         71        82        82        58        68        48        67
  812:         60        54        55        64        66        48        58
  819:         49        42        48        55        43        45        32
  826:         50        46        51        28        42        37        33
  833:         37        27        49        25        36        44        34
  840:         38        33        26        24        40        28        25
  847:         31        21        26        25        25        27        22
  854:         22        10        28        26        32        22        30
  861:         27        19        19        21        21        28        27
  868:         23        32        23        20        24        12        22
  875:         22        18        28        18        29        21        23
  882:         13        18        24        15        23        14        17
  889:         22        17        15        25        17         8        24
  896:         27        18        26        16        17        17        15
  903:         22        21        20        13        29        20        25
  910:         16        14        14        14        15        20        16
  917:         18        20        20        12        13        12        20
  924:         13        11        19        13        19        16        11
  931:         18        17        14        14        12        12        12
  938:         13        15        13        13        17        17        13
  945:         13        17        14        13         9         7        10
  952:         13        15        11         7        19        14        10
  959:          9        12        10        14         6         5        12
  966:          7        11         6         8        13        11         5
  973:         11        12        11        13         7         9        13
  980:          7        14         5         9        15         4        10
  987:         11         6        12        22        11         0         0
  994:          0         0         0         0         0         0         0
 1001:          0         0         0         0         0         0         0
 1008:          0         0         0         0         0         0         0
 1015:          0         0         0         0         0         0         0
 1022:          0         0