
Maestro spectrum printed on 2/2/2022 at 4:11:21 PM
>PC60-26852 Easy-MCA-2k SN 11333505                                              
    0:          0         0         0         0         1         0         0
    7:          0         0         0         0         0         0         0
   14:          0         0         0         0         0         0         0
   21:         21      4631      8620      9539      6695      3066      1081
   28:        417       280       200       169       138       131       118
   35:        124       142       163       144       173       160       135
   42:        167       144       156       166       183       190       201
   49:        175       285       886      2800      6655      9883      8785
   56:       4909      1789       617       297       231       185       157
   63:        172       168       181       182       168       174       163
   70:        203       200       209       189       190       195       214
   77:        241       223       216       260       251       238       261
   84:        255       289       297       269       276       302       302
   91:        326       322       338       366       327       390       369
   98:        386       401       374       425       441       372       439
  105:        430       453       438       491       478       518       471
  112:        459       476       454       511       528       475       461
  119:        491       529       522       467       526       479       475
  126:        480       484       516       512       498       472       468
  133:        474       488       477       477       484       480       470
  140:        479       473       477       435       549       478       475
  147:        461       516       451       455       482       452       456
  154:        450       480       472       470       465       486       488
  161:        444       475       458       456       479       442       475
  168:        476       444       445       463       469       472       435
  175:        427       433       426       434       427       430       422
  182:        430       459       390       488       442       423       432
  189:        442       420       421       401       397       400       361
  196:        366       341       353       356       420       406       368
  203:        396       391       356       405       364       382       375
  210:        355       343       379       402       347       366       373
  217:        331       361       365       347       370       382       318
  224:        344       355       338       359       329       317       346
  231:        377       355       361       293       333       328       364
  238:        364       308       342       344       355       324       359
  245:        313       340       334       311       315       312       331
  252:        344       351       369       347       369       352       354
  259:        364       332       350       345       325       346       343
  266:        316       350       333       303       350       322       334
  273:        292       282       326       305       292       307       304
  280:        271       295       313       237       255       286       293
  287:        284       283       271       247       255       269       260
  294:        229       287       252       234       241       232       227
  301:        249       238       236       226       259       223       245
  308:        226       234       290       216       208       244       230
  315:        224       237       188       203       236       225       191
  322:        214       206       197       217       215       206       207
  329:        198       203       222       217       201       226       193
  336:        180       194       170       180       192       212       189
  343:        196       186       165       177       184       164       157
  350:        179       190       183       168       167       198       172
  357:        186       169       150       170       160       206       158
  364:        160       148       141       181       136       167       168
  371:        163       157       122       150       147       162       160
  378:        158       146       175       155       159       156       163
  385:        149       142       159       147       148       139       139
  392:        145       127       144       155       133       124       136
  399:        145       142       142       125       133       146       122
  406:        135       133       138       130       150       146       140
  413:        133       123       127       124       139       128       121
  420:        115       136       128       130       128       135       115
  427:        140       118       115       119       144       124       129
  434:        103       143       110       116       104       118       129
  441:        138       115       112       116       132       114       115
  448:        116       130        95       101       121       132       136
  455:         99       102       106       138       123       109       102
  462:        119       104       118       109       118       118       124
  469:        141       113       115       135       127       103       102
  476:        132       132       129       113        94       122       109
  483:        120       105       108       107        98       110        99
  490:        109       105        98       117        92       103       103
  497:        105        95       108       108       118       101       121
  504:        108        97       102       106       113       102       102
  511:         87        94        93        93       110        96       127
  518:         99        98       109        95        90       107        87
  525:         77        93        99        99        96        90        80
  532:         72        95        89        85        91        99        78
  539:         71        85        76        90        97        83        73
  546:         89        86        92        65        82        96        84
  553:         74        79        86        66       107        72        84
  560:         73        81        64        84        89        58        76
  567:         71        88        71        66        82        88        83
  574:         72        63        70        73        66        69        59
  581:         77        78        72        64        77        63        61
  588:         83        65        72        66        62        71        51
  595:         65        67        50        54        69        70        71
  602:         64        72        48        56        63        78        51
  609:         62        54        67        70        51        50        55
  616:         62        46        63        49        47        45        38
  623:         53        52        56        57        56        54        50
  630:         62        49        49        63        62        51        48
  637:         60        48        44        53        59        54        46
  644:         47        43        42        38        53        44        44
  651:         61        54        39        45        42        47        34
  658:         48        45        48        45        53        41        45
  665:         48        41        29        44        46        58        40
  672:         44        52        53        41        45        33        44
  679:         48        52        53        45        41        48        49
  686:         43        53        40        43        40        47        41
  693:         52        46        44        48        36        45        40
  700:         43        52        40        47        52        51        46
  707:         39        43        56        50        54        40        49
  714:         49        51        43        57        48        54        46
  721:         52        44        64        70        50        51        43
  728:         48        56        61        54        47        53        52
  735:         68        60        54        68        67        67        70
  742:         58        82        91        77        71        74        71
  749:         74        72        67        78        91        89        97
  756:         93       101        88        81       102       118        98
  763:        125       135       109        97       116       124       122
  770:        143       111       108       132       134       150       140
  777:        152       128       135       153       171       147       165
  784:        152       143       173       166       166       170       180
  791:        186       166       200       167       187       191       197
  798:        195       210       198       194       220       199       202
  805:        199       199       202       244       218       197       219
  812:        196       194       223       184       221       207       195
  819:        219       265       240       212       172       185       235
  826:        199       206       216       211       205       170       186
  833:        211       171       190       191       202       180       178
  840:        177       187       174       184       187       175       170
  847:        174       161       164       166       141       150       188
  854:        132       163       140       120       163       114       121
  861:        145       125       114       122       119       104       120
  868:        123       110       104        99        93       101       115
  875:         94        83        78        79        86        76        76
  882:         64        68        65        71        51        62        60
  889:         52        50        53        47        55        44        56
  896:         47        42        45        43        36        40        39
  903:         27        25        44        23        37        27        36
  910:         21        30        28        20        23        14        23
  917:         17        21        15        24        20        18        18
  924:         23        17        16        12        17        16        14
  931:         18        15        14        12        15        20        11
  938:         13         8        11         8        10        10         6
  945:         17        14        10        10         6         9         7
  952:         11         7         9         8         6        10        10
  959:          8         7         4         8         4         7         5
  966:         11         4        10         6         6         7        10
  973:          5        11         9        11         9         4         5
  980:          8         4         7         3         6        15         5
  987:          7         9        11         8         7         1         0
  994:          0         0         0         0         0         0         0
 1001:          0         0         0         0         0         0         0
 1008:          0         0         0         0         0         0         0
 1015:          0         0         0         0         0         0         0
 1022:          0         0