
Maestro spectrum printed on 2/2/2022 at 4:51:43 PM
>PC60-26852 Easy-MCA-2k SN 11333505                                              
    0:          0         0         0         0         0         0         0
    7:          0         0         0         0         0         0         0
   14:          0         0         0         0         0         0         0
   21:         23      1612      4213      7198      8987      7578      4382
   28:       1754       687       290       202       182       135       124
   35:        111       125       120       130       127       127       132
   42:        139       141       132       173       146       165       156
   49:        202       282       919      2937      6637      9660      8718
   56:       4916      1953       678       316       229       190       163
   63:        152       147       176       164       156       172       182
   70:        169       196       192       176       204       188       243
   77:        225       174       250       232       225       213       236
   84:        275       299       254       292       282       285       302
   91:        292       285       361       346       345       323       385
   98:        358       341       378       362       420       417       392
  105:        424       419       447       439       452       451       478
  112:        506       486       480       488       490       454       526
  119:        482       459       471       491       452       473       460
  126:        493       498       479       489       462       495       523
  133:        495       477       492       468       446       429       473
  140:        448       450       425       443       431       446       452
  147:        443       442       419       443       428       458       425
  154:        492       484       451       444       456       452       468
  161:        443       438       481       407       438       439       414
  168:        465       448       428       456       413       398       443
  175:        466       459       456       411       443       407       409
  182:        428       431       399       417       406       409       399
  189:        428       371       413       396       374       380       396
  196:        364       377       382       374       353       353       343
  203:        343       351       358       323       366       363       378
  210:        363       343       376       341       335       323       367
  217:        382       358       347       347       348       341       336
  224:        326       371       333       327       325       286       334
  231:        288       348       309       325       359       352       341
  238:        317       337       313       333       324       355       315
  245:        324       304       336       314       330       359       328
  252:        316       321       308       323       328       322       322
  259:        324       320       306       344       296       351       313
  266:        314       317       294       335       322       263       308
  273:        288       288       300       271       282       250       282
  280:        264       252       269       263       271       258       256
  287:        235       221       257       266       239       244       230
  294:        260       245       224       215       257       246       229
  301:        208       219       231       213       195       186       237
  308:        194       201       203       226       234       196       230
  315:        214       195       191       203       211       213       196
  322:        192       194       206       216       202       188       173
  329:        197       195       176       161       185       169       164
  336:        177       155       200       173       178       184       169
  343:        150       169       176       160       166       160       170
  350:        184       140       139       180       149       146       171
  357:        148       161       170       152       148       159       144
  364:        147       135       134       143       122       146       142
  371:        152       126       122       143       140       139       160
  378:        123       127       141       129       143       133       125
  385:        139       114       117       151       120       121       138
  392:        132       129       142       117       134       124       140
  399:        135       118       129       118       120       147       127
  406:        125       123       116       117       119       124       135
  413:        114       108       126       113       137       112       130
  420:        127       150       107       117       125       128       113
  427:        119       108       113       106       113       100       121
  434:        113       141       110       116       107       107        96
  441:        119       138       102       126       123       109        91
  448:        118       104       132       109        88       134        92
  455:        105        99       113       113        96       102       118
  462:        106       104        98       116       117        99       102
  469:        110       101       124       109       118        83       115
  476:        109       123       115       103        95        97       109
  483:         97        87        97        80        80       103        96
  490:         98       109       100       105        96        79        98
  497:         99       106        89        84        87        88        92
  504:        109        86        95        94        94        69        87
  511:         84        78        85        74        80        81        90
  518:         94        97        92        69        95        79        86
  525:         82        86        88        73        83        76        89
  532:         73        73        83        65        72        78        70
  539:         66        71        94        71        71        65        78
  546:         73        66        72        78        78        83        64
  553:         76        76        59        85        67        63        75
  560:         63        80        68        67        79        53        60
  567:         72        72        56        69        59        69        57
  574:         71        48        59        62        46        63        66
  581:         53        56        55        76        45        67        77
  588:         59        55        52        55        60        66        51
  595:         59        59        47        48        51        42        48
  602:         67        52        35        46        54        55        53
  609:         58        58        34        61        52        68        51
  616:         51        55        55        52        41        34        52
  623:         40        35        47        53        46        47        39
  630:         41        44        49        56        50        39        51
  637:         27        58        45        37        43        48        50
  644:         36        37        50        34        52        35        54
  651:         52        52        37        55        47        40        51
  658:         45        41        43        45        39        41        29
  665:         49        36        46        44        49        42        38
  672:         49        44        46        54        47        44        45
  679:         42        42        43        48        56        59        42
  686:         49        47        45        40        51        43        40
  693:         53        58        41        54        43        49        54
  700:         45        52        47        61        62        53        62
  707:         40        59        56        66        62        60        67
  714:         48        68        66        70        65        73        62
  721:         79        73        72        95        66        90        78
  728:         80        83        75        80        76        96        88
  735:         91       103       106       112       113        89        96
  742:        117       112       124       118       120       120       119
  749:        138       125       114       134       141       133       152
  756:        155       160       149       137       148       141       156
  763:        172       138       161       148       168       166       202
  770:        146       163       166       169       170       190       160
  777:        185       189       172       208       189       190       193
  784:        182       182       195       195       137       190       155
  791:        186       171       158       188       187       181       188
  798:        194       180       174       186       193       172       163
  805:        176       166       182       155       174       137       167
  812:        164       164       150       136       155       138       139
  819:        150       130       146       115       133       155       125
  826:        128       140       124       128       131       137        94
  833:        118       107       120       113       106       112       109
  840:        106        99        92        91        77        75        85
  847:         86        79        60        66        79        78        67
  854:         58        66        69        63        63        59        64
  861:         55        43        53        48        51        47        38
  868:         40        35        46        51        42        26        27
  875:         29        34        32        29        34        38        40
  882:         24        21        31        20        30        25        24
  889:         19        32        20        17        15        22        15
  896:         24        16        20         6        16         8        20
  903:         11        25         7        11        14        25         9
  910:         27        18         9         7        18        13        13
  917:          4        11        12        12        20        14         6
  924:          6        11         6        13         8        10        12
  931:         10        10        12        11        11        12        13
  938:          6        11        10         7         8         7         7
  945:          9         7         8         6         8         9         6
  952:          9         7         5         7        11         6         8
  959:          8         3        14         7         8         8        11
  966:         12         3         9         9         6        10         5
  973:          7         5         5         7         9         6         7
  980:          8         8        11        10         8         7         6
  987:          6         7        13         3         7         0         0
  994:          0         0         0         0         0         0         0
 1001:          0         0         0         0         0         0         0
 1008:          0         0         0         0         0         0         0
 1015:          0         0         0         0         0         0         0
 1022:          0         0